+ 0.2 0 1 tcp 40 ------- 4 0.0 1.0 0 0
- 0.2 0 1 tcp 40 ------- 4 0.0 1.0 0 0
r 0.20532 0 1 tcp 40 ------- 4 0.0 1.0 0 0
+ 0.20532 1 0 ack 40 ------- 4 1.0 0.0 0 1
- 0.20532 1 0 ack 40 ------- 4 1.0 0.0 0 1
r 0.21064 1 0 ack 40 ------- 4 1.0 0.0 0 1
+ 0.21064 0 1 tcp 1040 ------- 4 0.0 1.0 1 2
- 0.21064 0 1 tcp 1040 ------- 4 0.0 1.0 1 2
+ 0.21064 0 1 tcp 1040 ------- 4 0.0 1.0 2 3
- 0.21896 0 1 tcp 1040 ------- 4 0.0 1.0 2 3
r 0.22396 0 1 tcp 1040 ------- 4 0.0 1.0 1 2
+ 0.22396 1 0 ack 40 ------- 4 1.0 0.0 1 4
- 0.22396 1 0 ack 40 ------- 4 1.0 0.0 1 4
r 0.22928 1 0 ack 40 ------- 4 1.0 0.0 1 4
+ 0.22928 0 1 tcp 1040 ------- 4 0.0 1.0 3 5
- 0.22928 0 1 tcp 1040 ------- 4 0.0 1.0 3 5
+ 0.22928 0 1 tcp 1040 ------- 4 0.0 1.0 4 6
r 0.23228 0 1 tcp 1040 ------- 4 0.0 1.0 2 3
+ 0.23228 1 0 ack 40 ------- 4 1.0 0.0 2 7
- 0.23228 1 0 ack 40 ------- 4 1.0 0.0 2 7
- 0.2376 0 1 tcp 1040 ------- 4 0.0 1.0 4 6
r 0.2376 1 0 ack 40 ------- 4 1.0 0.0 2 7
+ 0.2376 0 1 tcp 1040 ------- 4 0.0 1.0 5 8
+ 0.2376 0 1 tcp 1040 ------- 4 0.0 1.0 6 9
r 0.2426 0 1 tcp 1040 ------- 4 0.0 1.0 3 5
+ 0.2426 1 0 ack 40 ------- 4 1.0 0.0 3 10
- 0.2426 1 0 ack 40 ------- 4 1.0 0.0 3 10
- 0.24592 0 1 tcp 1040 ------- 4 0.0 1.0 5 8
r 0.24792 1 0 ack 40 ------- 4 1.0 0.0 3 10
+ 0.24792 0 1 tcp 1040 ------- 4 0.0 1.0 7 11
+ 0.24792 0 1 tcp 1040 ------- 4 0.0 1.0 8 12
r 0.25092 0 1 tcp 1040 ------- 4 0.0 1.0 4 6
+ 0.25092 1 0 ack 40 ------- 4 1.0 0.0 4 13
- 0.25092 1 0 ack 40 ------- 4 1.0 0.0 4 13
- 0.25424 0 1 tcp 1040 ------- 4 0.0 1.0 6 9
r 0.25624 1 0 ack 40 ------- 4 1.0 0.0 4 13
+ 0.25624 0 1 tcp 1040 ------- 4 0.0 1.0 9 14
+ 0.25624 0 1 tcp 1040 ------- 4 0.0 1.0 10 15
r 0.25924 0 1 tcp 1040 ------- 4 0.0 1.0 5 8
+ 0.25924 1 0 ack 40 ------- 4 1.0 0.0 5 16
- 0.25924 1 0 ack 40 ------- 4 1.0 0.0 5 16
- 0.26256 0 1 tcp 1040 ------- 4 0.0 1.0 7 11
r 0.26456 1 0 ack 40 ------- 4 1.0 0.0 5 16
+ 0.26456 0 1 tcp 1040 ------- 4 0.0 1.0 11 17
+ 0.26456 0 1 tcp 1040 ------- 4 0.0 1.0 12 18
r 0.26756 0 1 tcp 1040 ------- 4 0.0 1.0 6 9
+ 0.26756 1 0 ack 40 ------- 4 1.0 0.0 6 19
- 0.26756 1 0 ack 40 ------- 4 1.0 0.0 6 19
- 0.27088 0 1 tcp 1040 ------- 4 0.0 1.0 8 12
r 0.27288 1 0 ack 40 ------- 4 1.0 0.0 6 19
+ 0.27288 0 1 tcp 1040 ------- 4 0.0 1.0 13 20
+ 0.27288 0 1 tcp 1040 ------- 4 0.0 1.0 14 21
r 0.27588 0 1 tcp 1040 ------- 4 0.0 1.0 7 11
+ 0.27588 1 0 ack 40 ------- 4 1.0 0.0 7 22
- 0.27588 1 0 ack 40 ------- 4 1.0 0.0 7 22
- 0.2792 0 1 tcp 1040 ------- 4 0.0 1.0 9 14
r 0.2812 1 0 ack 40 ------- 4 1.0 0.0 7 22
+ 0.2812 0 1 tcp 1040 ------- 4 0.0 1.0 15 23
+ 0.2812 0 1 tcp 1040 ------- 4 0.0 1.0 16 24
r 0.2842 0 1 tcp 1040 ------- 4 0.0 1.0 8 12
+ 0.2842 1 0 ack 40 ------- 4 1.0 0.0 8 25
- 0.2842 1 0 ack 40 ------- 4 1.0 0.0 8 25
- 0.28752 0 1 tcp 1040 ------- 4 0.0 1.0 10 15
r 0.28952 1 0 ack 40 ------- 4 1.0 0.0 8 25
+ 0.28952 0 1 tcp 1040 ------- 4 0.0 1.0 17 26
+ 0.28952 0 1 tcp 1040 ------- 4 0.0 1.0 18 27
r 0.29252 0 1 tcp 1040 ------- 4 0.0 1.0 9 14
+ 0.29252 1 0 ack 40 ------- 4 1.0 0.0 9 28
- 0.29252 1 0 ack 40 ------- 4 1.0 0.0 9 28
- 0.29584 0 1 tcp 1040 ------- 4 0.0 1.0 11 17
r 0.29784 1 0 ack 40 ------- 4 1.0 0.0 9 28
+ 0.29784 0 1 tcp 1040 ------- 4 0.0 1.0 19 29
+ 0.29784 0 1 tcp 1040 ------- 4 0.0 1.0 20 30
r 0.30084 0 1 tcp 1040 ------- 4 0.0 1.0 10 15
+ 0.30084 1 0 ack 40 ------- 4 1.0 0.0 10 31
- 0.30084 1 0 ack 40 ------- 4 1.0 0.0 10 31
- 0.30416 0 1 tcp 1040 ------- 4 0.0 1.0 12 18
r 0.30616 1 0 ack 40 ------- 4 1.0 0.0 10 31
+ 0.30616 0 1 tcp 1040 ------- 4 0.0 1.0 21 32
+ 0.30616 0 1 tcp 1040 ------- 4 0.0 1.0 22 33
r 0.30916 0 1 tcp 1040 ------- 4 0.0 1.0 11 17
+ 0.30916 1 0 ack 40 ------- 4 1.0 0.0 11 34
- 0.30916 1 0 ack 40 ------- 4 1.0 0.0 11 34
- 0.31248 0 1 tcp 1040 ------- 4 0.0 1.0 13 20
r 0.31448 1 0 ack 40 ------- 4 1.0 0.0 11 34
+ 0.31448 0 1 tcp 1040 ------- 4 0.0 1.0 23 35
+ 0.31448 0 1 tcp 1040 ------- 4 0.0 1.0 24 36
r 0.31748 0 1 tcp 1040 ------- 4 0.0 1.0 12 18
+ 0.31748 1 0 ack 40 ------- 4 1.0 0.0 12 37
- 0.31748 1 0 ack 40 ------- 4 1.0 0.0 12 37
- 0.3208 0 1 tcp 1040 ------- 4 0.0 1.0 14 21
r 0.3228 1 0 ack 40 ------- 4 1.0 0.0 12 37
+ 0.3228 0 1 tcp 1040 ------- 4 0.0 1.0 25 38
+ 0.3228 0 1 tcp 1040 ------- 4 0.0 1.0 26 39
r 0.3258 0 1 tcp 1040 ------- 4 0.0 1.0 13 20
+ 0.3258 1 0 ack 40 ------- 4 1.0 0.0 13 40
- 0.3258 1 0 ack 40 ------- 4 1.0 0.0 13 40
- 0.32912 0 1 tcp 1040 ------- 4 0.0 1.0 15 23
r 0.33112 1 0 ack 40 ------- 4 1.0 0.0 13 40
+ 0.33112 0 1 tcp 1040 ------- 4 0.0 1.0 27 41
+ 0.33112 0 1 tcp 1040 ------- 4 0.0 1.0 28 42
r 0.33412 0 1 tcp 1040 ------- 4 0.0 1.0 14 21
+ 0.33412 1 0 ack 40 ------- 4 1.0 0.0 14 43
- 0.33412 1 0 ack 40 ------- 4 1.0 0.0 14 43
- 0.33744 0 1 tcp 1040 ------- 4 0.0 1.0 16 24
r 0.33944 1 0 ack 40 ------- 4 1.0 0.0 14 43
+ 0.33944 0 1 tcp 1040 ------- 4 0.0 1.0 29 44
+ 0.33944 0 1 tcp 1040 ------- 4 0.0 1.0 30 45
r 0.34244 0 1 tcp 1040 ------- 4 0.0 1.0 15 23
+ 0.34244 1 0 ack 40 ------- 4 1.0 0.0 15 46
- 0.34244 1 0 ack 40 ------- 4 1.0 0.0 15 46
- 0.34576 0 1 tcp 1040 ------- 4 0.0 1.0 17 26
r 0.34776 1 0 ack 40 ------- 4 1.0 0.0 15 46
+ 0.34776 0 1 tcp 1040 ------- 4 0.0 1.0 31 47
+ 0.34776 0 1 tcp 1040 ------- 4 0.0 1.0 32 48
r 0.35076 0 1 tcp 1040 ------- 4 0.0 1.0 16 24
+ 0.35076 1 0 ack 40 ------- 4 1.0 0.0 16 49
- 0.35076 1 0 ack 40 ------- 4 1.0 0.0 16 49
- 0.35408 0 1 tcp 1040 ------- 4 0.0 1.0 18 27
r 0.35608 1 0 ack 40 ------- 4 1.0 0.0 16 49
+ 0.35608 0 1 tcp 1040 ------- 4 0.0 1.0 33 50
+ 0.35608 0 1 tcp 1040 ------- 4 0.0 1.0 34 51
r 0.35908 0 1 tcp 1040 ------- 4 0.0 1.0 17 26
+ 0.35908 1 0 ack 40 ------- 4 1.0 0.0 17 52
- 0.35908 1 0 ack 40 ------- 4 1.0 0.0 17 52
- 0.3624 0 1 tcp 1040 ------- 4 0.0 1.0 19 29
r 0.3644 1 0 ack 40 ------- 4 1.0 0.0 17 52
+ 0.3644 0 1 tcp 1040 ------- 4 0.0 1.0 35 53
+ 0.3644 0 1 tcp 1040 ------- 4 0.0 1.0 36 54
r 0.3674 0 1 tcp 1040 ------- 4 0.0 1.0 18 27
+ 0.3674 1 0 ack 40 ------- 4 1.0 0.0 18 55
- 0.3674 1 0 ack 40 ------- 4 1.0 0.0 18 55
- 0.37072 0 1 tcp 1040 ------- 4 0.0 1.0 20 30
r 0.37272 1 0 ack 40 ------- 4 1.0 0.0 18 55
+ 0.37272 0 1 tcp 1040 ------- 4 0.0 1.0 37 56
+ 0.37272 0 1 tcp 1040 ------- 4 0.0 1.0 38 57
r 0.37572 0 1 tcp 1040 ------- 4 0.0 1.0 19 29
+ 0.37572 1 0 ack 40 ------- 4 1.0 0.0 19 58
- 0.37572 1 0 ack 40 ------- 4 1.0 0.0 19 58
- 0.37904 0 1 tcp 1040 ------- 4 0.0 1.0 21 32
r 0.38104 1 0 ack 40 ------- 4 1.0 0.0 19 58
+ 0.38104 0 1 tcp 1040 ------- 4 0.0 1.0 39 59
r 0.38404 0 1 tcp 1040 ------- 4 0.0 1.0 20 30
+ 0.38404 1 0 ack 40 ------- 4 1.0 0.0 20 60
- 0.38404 1 0 ack 40 ------- 4 1.0 0.0 20 60
- 0.38736 0 1 tcp 1040 ------- 4 0.0 1.0 22 33
r 0.38936 1 0 ack 40 ------- 4 1.0 0.0 20 60
+ 0.38936 0 1 tcp 1040 ------- 4 0.0 1.0 40 61
r 0.39236 0 1 tcp 1040 ------- 4 0.0 1.0 21 32
+ 0.39236 1 0 ack 40 ------- 4 1.0 0.0 21 62
- 0.39236 1 0 ack 40 ------- 4 1.0 0.0 21 62
- 0.39568 0 1 tcp 1040 ------- 4 0.0 1.0 23 35
r 0.39768 1 0 ack 40 ------- 4 1.0 0.0 21 62
+ 0.39768 0 1 tcp 1040 ------- 4 0.0 1.0 41 63
r 0.40068 0 1 tcp 1040 ------- 4 0.0 1.0 22 33
+ 0.40068 1 0 ack 40 ------- 4 1.0 0.0 22 64
- 0.40068 1 0 ack 40 ------- 4 1.0 0.0 22 64
- 0.404 0 1 tcp 1040 ------- 4 0.0 1.0 24 36
r 0.406 1 0 ack 40 ------- 4 1.0 0.0 22 64
+ 0.406 0 1 tcp 1040 ------- 4 0.0 1.0 42 65
r 0.409 0 1 tcp 1040 ------- 4 0.0 1.0 23 35
+ 0.409 1 0 ack 40 ------- 4 1.0 0.0 23 66
- 0.409 1 0 ack 40 ------- 4 1.0 0.0 23 66
- 0.41232 0 1 tcp 1040 ------- 4 0.0 1.0 25 38
r 0.41432 1 0 ack 40 ------- 4 1.0 0.0 23 66
+ 0.41432 0 1 tcp 1040 ------- 4 0.0 1.0 43 67
r 0.41732 0 1 tcp 1040 ------- 4 0.0 1.0 24 36
+ 0.41732 1 0 ack 40 ------- 4 1.0 0.0 24 68
- 0.41732 1 0 ack 40 ------- 4 1.0 0.0 24 68
- 0.42064 0 1 tcp 1040 ------- 4 0.0 1.0 26 39
r 0.42264 1 0 ack 40 ------- 4 1.0 0.0 24 68
+ 0.42264 0 1 tcp 1040 ------- 4 0.0 1.0 44 69
r 0.42564 0 1 tcp 1040 ------- 4 0.0 1.0 25 38
+ 0.42564 1 0 ack 40 ------- 4 1.0 0.0 25 70
- 0.42564 1 0 ack 40 ------- 4 1.0 0.0 25 70
- 0.42896 0 1 tcp 1040 ------- 4 0.0 1.0 27 41
r 0.43096 1 0 ack 40 ------- 4 1.0 0.0 25 70
+ 0.43096 0 1 tcp 1040 ------- 4 0.0 1.0 45 71
r 0.43396 0 1 tcp 1040 ------- 4 0.0 1.0 26 39
+ 0.43396 1 0 ack 40 ------- 4 1.0 0.0 26 72
- 0.43396 1 0 ack 40 ------- 4 1.0 0.0 26 72
- 0.43728 0 1 tcp 1040 ------- 4 0.0 1.0 28 42
r 0.43928 1 0 ack 40 ------- 4 1.0 0.0 26 72
+ 0.43928 0 1 tcp 1040 ------- 4 0.0 1.0 46 73
r 0.44228 0 1 tcp 1040 ------- 4 0.0 1.0 27 41
+ 0.44228 1 0 ack 40 ------- 4 1.0 0.0 27 74
- 0.44228 1 0 ack 40 ------- 4 1.0 0.0 27 74
- 0.4456 0 1 tcp 1040 ------- 4 0.0 1.0 29 44
r 0.4476 1 0 ack 40 ------- 4 1.0 0.0 27 74
+ 0.4476 0 1 tcp 1040 ------- 4 0.0 1.0 47 75
r 0.4506 0 1 tcp 1040 ------- 4 0.0 1.0 28 42
+ 0.4506 1 0 ack 40 ------- 4 1.0 0.0 28 76
- 0.4506 1 0 ack 40 ------- 4 1.0 0.0 28 76
- 0.45392 0 1 tcp 1040 ------- 4 0.0 1.0 30 45
r 0.45592 1 0 ack 40 ------- 4 1.0 0.0 28 76
+ 0.45592 0 1 tcp 1040 ------- 4 0.0 1.0 48 77
r 0.45892 0 1 tcp 1040 ------- 4 0.0 1.0 29 44
+ 0.45892 1 0 ack 40 ------- 4 1.0 0.0 29 78
- 0.45892 1 0 ack 40 ------- 4 1.0 0.0 29 78
- 0.46224 0 1 tcp 1040 ------- 4 0.0 1.0 31 47
r 0.46424 1 0 ack 40 ------- 4 1.0 0.0 29 78
+ 0.46424 0 1 tcp 1040 ------- 4 0.0 1.0 49 79
r 0.46724 0 1 tcp 1040 ------- 4 0.0 1.0 30 45
+ 0.46724 1 0 ack 40 ------- 4 1.0 0.0 30 80
- 0.46724 1 0 ack 40 ------- 4 1.0 0.0 30 80
- 0.47056 0 1 tcp 1040 ------- 4 0.0 1.0 32 48
r 0.47256 1 0 ack 40 ------- 4 1.0 0.0 30 80
+ 0.47256 0 1 tcp 1040 ------- 4 0.0 1.0 50 81
r 0.47556 0 1 tcp 1040 ------- 4 0.0 1.0 31 47
+ 0.47556 1 0 ack 40 ------- 4 1.0 0.0 31 82
- 0.47556 1 0 ack 40 ------- 4 1.0 0.0 31 82
- 0.47888 0 1 tcp 1040 ------- 4 0.0 1.0 33 50
r 0.48088 1 0 ack 40 ------- 4 1.0 0.0 31 82
+ 0.48088 0 1 tcp 1040 ------- 4 0.0 1.0 51 83
r 0.48388 0 1 tcp 1040 ------- 4 0.0 1.0 32 48
+ 0.48388 1 0 ack 40 ------- 4 1.0 0.0 32 84
- 0.48388 1 0 ack 40 ------- 4 1.0 0.0 32 84
- 0.4872 0 1 tcp 1040 ------- 4 0.0 1.0 34 51
r 0.4892 1 0 ack 40 ------- 4 1.0 0.0 32 84
+ 0.4892 0 1 tcp 1040 ------- 4 0.0 1.0 52 85
r 0.4922 0 1 tcp 1040 ------- 4 0.0 1.0 33 50
+ 0.4922 1 0 ack 40 ------- 4 1.0 0.0 33 86
- 0.4922 1 0 ack 40 ------- 4 1.0 0.0 33 86
- 0.49552 0 1 tcp 1040 ------- 4 0.0 1.0 35 53
r 0.49752 1 0 ack 40 ------- 4 1.0 0.0 33 86
+ 0.49752 0 1 tcp 1040 ------- 4 0.0 1.0 53 87
r 0.50052 0 1 tcp 1040 ------- 4 0.0 1.0 34 51
+ 0.50052 1 0 ack 40 ------- 4 1.0 0.0 34 88
- 0.50052 1 0 ack 40 ------- 4 1.0 0.0 34 88
- 0.50384 0 1 tcp 1040 ------- 4 0.0 1.0 36 54
r 0.50584 1 0 ack 40 ------- 4 1.0 0.0 34 88
+ 0.50584 0 1 tcp 1040 ------- 4 0.0 1.0 54 89
r 0.50884 0 1 tcp 1040 ------- 4 0.0 1.0 35 53
+ 0.50884 1 0 ack 40 ------- 4 1.0 0.0 35 90
- 0.50884 1 0 ack 40 ------- 4 1.0 0.0 35 90
- 0.51216 0 1 tcp 1040 ------- 4 0.0 1.0 37 56
r 0.51416 1 0 ack 40 ------- 4 1.0 0.0 35 90
+ 0.51416 0 1 tcp 1040 ------- 4 0.0 1.0 55 91
r 0.51716 0 1 tcp 1040 ------- 4 0.0 1.0 36 54
+ 0.51716 1 0 ack 40 ------- 4 1.0 0.0 36 92
- 0.51716 1 0 ack 40 ------- 4 1.0 0.0 36 92
- 0.52048 0 1 tcp 1040 ------- 4 0.0 1.0 38 57
r 0.52248 1 0 ack 40 ------- 4 1.0 0.0 36 92
+ 0.52248 0 1 tcp 1040 ------- 4 0.0 1.0 56 93
r 0.52548 0 1 tcp 1040 ------- 4 0.0 1.0 37 56
+ 0.52548 1 0 ack 40 ------- 4 1.0 0.0 37 94
- 0.52548 1 0 ack 40 ------- 4 1.0 0.0 37 94
- 0.5288 0 1 tcp 1040 ------- 4 0.0 1.0 39 59
r 0.5308 1 0 ack 40 ------- 4 1.0 0.0 37 94
+ 0.5308 0 1 tcp 1040 ------- 4 0.0 1.0 57 95
r 0.5338 0 1 tcp 1040 ------- 4 0.0 1.0 38 57
+ 0.5338 1 0 ack 40 ------- 4 1.0 0.0 38 96
- 0.5338 1 0 ack 40 ------- 4 1.0 0.0 38 96
- 0.53712 0 1 tcp 1040 ------- 4 0.0 1.0 40 61
r 0.53912 1 0 ack 40 ------- 4 1.0 0.0 38 96
+ 0.53912 0 1 tcp 1040 ------- 4 0.0 1.0 58 97
r 0.54212 0 1 tcp 1040 ------- 4 0.0 1.0 39 59
+ 0.54212 1 0 ack 40 ------- 4 1.0 0.0 39 98
- 0.54212 1 0 ack 40 ------- 4 1.0 0.0 39 98
- 0.54544 0 1 tcp 1040 ------- 4 0.0 1.0 41 63
r 0.54744 1 0 ack 40 ------- 4 1.0 0.0 39 98
+ 0.54744 0 1 tcp 1040 ------- 4 0.0 1.0 59 99
r 0.55044 0 1 tcp 1040 ------- 4 0.0 1.0 40 61
+ 0.55044 1 0 ack 40 ------- 4 1.0 0.0 40 100
- 0.55044 1 0 ack 40 ------- 4 1.0 0.0 40 100
- 0.55376 0 1 tcp 1040 ------- 4 0.0 1.0 42 65
r 0.55576 1 0 ack 40 ------- 4 1.0 0.0 40 100
+ 0.55576 0 1 tcp 1040 ------- 4 0.0 1.0 60 101
r 0.55876 0 1 tcp 1040 ------- 4 0.0 1.0 41 63
+ 0.55876 1 0 ack 40 ------- 4 1.0 0.0 41 102
- 0.55876 1 0 ack 40 ------- 4 1.0 0.0 41 102
- 0.56208 0 1 tcp 1040 ------- 4 0.0 1.0 43 67
r 0.56408 1 0 ack 40 ------- 4 1.0 0.0 41 102
+ 0.56408 0 1 tcp 1040 ------- 4 0.0 1.0 61 103
r 0.56708 0 1 tcp 1040 ------- 4 0.0 1.0 42 65
+ 0.56708 1 0 ack 40 ------- 4 1.0 0.0 42 104
- 0.56708 1 0 ack 40 ------- 4 1.0 0.0 42 104
- 0.5704 0 1 tcp 1040 ------- 4 0.0 1.0 44 69
r 0.5724 1 0 ack 40 ------- 4 1.0 0.0 42 104
+ 0.5724 0 1 tcp 1040 ------- 4 0.0 1.0 62 105
r 0.5754 0 1 tcp 1040 ------- 4 0.0 1.0 43 67
+ 0.5754 1 0 ack 40 ------- 4 1.0 0.0 43 106
- 0.5754 1 0 ack 40 ------- 4 1.0 0.0 43 106
- 0.57872 0 1 tcp 1040 ------- 4 0.0 1.0 45 71
r 0.58072 1 0 ack 40 ------- 4 1.0 0.0 43 106
+ 0.58072 0 1 tcp 1040 ------- 4 0.0 1.0 63 107
r 0.58372 0 1 tcp 1040 ------- 4 0.0 1.0 44 69
+ 0.58372 1 0 ack 40 ------- 4 1.0 0.0 44 108
- 0.58372 1 0 ack 40 ------- 4 1.0 0.0 44 108
- 0.58704 0 1 tcp 1040 ------- 4 0.0 1.0 46 73
r 0.58904 1 0 ack 40 ------- 4 1.0 0.0 44 108
+ 0.58904 0 1 tcp 1040 ------- 4 0.0 1.0 64 109
r 0.59204 0 1 tcp 1040 ------- 4 0.0 1.0 45 71
+ 0.59204 1 0 ack 40 ------- 4 1.0 0.0 45 110
- 0.59204 1 0 ack 40 ------- 4 1.0 0.0 45 110
- 0.59536 0 1 tcp 1040 ------- 4 0.0 1.0 47 75
r 0.59736 1 0 ack 40 ------- 4 1.0 0.0 45 110
+ 0.59736 0 1 tcp 1040 ------- 4 0.0 1.0 65 111
r 0.60036 0 1 tcp 1040 ------- 4 0.0 1.0 46 73
+ 0.60036 1 0 ack 40 ------- 4 1.0 0.0 46 112
- 0.60036 1 0 ack 40 ------- 4 1.0 0.0 46 112
- 0.60368 0 1 tcp 1040 ------- 4 0.0 1.0 48 77
r 0.60568 1 0 ack 40 ------- 4 1.0 0.0 46 112
+ 0.60568 0 1 tcp 1040 ------- 4 0.0 1.0 66 113
r 0.60868 0 1 tcp 1040 ------- 4 0.0 1.0 47 75
+ 0.60868 1 0 ack 40 ------- 4 1.0 0.0 47 114
- 0.60868 1 0 ack 40 ------- 4 1.0 0.0 47 114
- 0.612 0 1 tcp 1040 ------- 4 0.0 1.0 49 79
r 0.614 1 0 ack 40 ------- 4 1.0 0.0 47 114
+ 0.614 0 1 tcp 1040 ------- 4 0.0 1.0 67 115
r 0.617 0 1 tcp 1040 ------- 4 0.0 1.0 48 77
+ 0.617 1 0 ack 40 ------- 4 1.0 0.0 48 116
- 0.617 1 0 ack 40 ------- 4 1.0 0.0 48 116
- 0.62032 0 1 tcp 1040 ------- 4 0.0 1.0 50 81
r 0.62232 1 0 ack 40 ------- 4 1.0 0.0 48 116
+ 0.62232 0 1 tcp 1040 ------- 4 0.0 1.0 68 117
r 0.62532 0 1 tcp 1040 ------- 4 0.0 1.0 49 79
+ 0.62532 1 0 ack 40 ------- 4 1.0 0.0 49 118
- 0.62532 1 0 ack 40 ------- 4 1.0 0.0 49 118
- 0.62864 0 1 tcp 1040 ------- 4 0.0 1.0 51 83
r 0.63064 1 0 ack 40 ------- 4 1.0 0.0 49 118
+ 0.63064 0 1 tcp 1040 ------- 4 0.0 1.0 69 119
r 0.63364 0 1 tcp 1040 ------- 4 0.0 1.0 50 81
+ 0.63364 1 0 ack 40 ------- 4 1.0 0.0 50 120
- 0.63364 1 0 ack 40 ------- 4 1.0 0.0 50 120
- 0.63696 0 1 tcp 1040 ------- 4 0.0 1.0 52 85
r 0.63896 1 0 ack 40 ------- 4 1.0 0.0 50 120
+ 0.63896 0 1 tcp 1040 ------- 4 0.0 1.0 70 121
r 0.64196 0 1 tcp 1040 ------- 4 0.0 1.0 51 83
+ 0.64196 1 0 ack 40 ------- 4 1.0 0.0 51 122
- 0.64196 1 0 ack 40 ------- 4 1.0 0.0 51 122
- 0.64528 0 1 tcp 1040 ------- 4 0.0 1.0 53 87
r 0.64728 1 0 ack 40 ------- 4 1.0 0.0 51 122
+ 0.64728 0 1 tcp 1040 ------- 4 0.0 1.0 71 123
r 0.65028 0 1 tcp 1040 ------- 4 0.0 1.0 52 85
+ 0.65028 1 0 ack 40 ------- 4 1.0 0.0 52 124
- 0.65028 1 0 ack 40 ------- 4 1.0 0.0 52 124
- 0.6536 0 1 tcp 1040 ------- 4 0.0 1.0 54 89
r 0.6556 1 0 ack 40 ------- 4 1.0 0.0 52 124
+ 0.6556 0 1 tcp 1040 ------- 4 0.0 1.0 72 125
r 0.6586 0 1 tcp 1040 ------- 4 0.0 1.0 53 87
+ 0.6586 1 0 ack 40 ------- 4 1.0 0.0 53 126
- 0.6586 1 0 ack 40 ------- 4 1.0 0.0 53 126
- 0.66192 0 1 tcp 1040 ------- 4 0.0 1.0 55 91
r 0.66392 1 0 ack 40 ------- 4 1.0 0.0 53 126
+ 0.66392 0 1 tcp 1040 ------- 4 0.0 1.0 73 127
r 0.66692 0 1 tcp 1040 ------- 4 0.0 1.0 54 89
+ 0.66692 1 0 ack 40 ------- 4 1.0 0.0 54 128
- 0.66692 1 0 ack 40 ------- 4 1.0 0.0 54 128
- 0.67024 0 1 tcp 1040 ------- 4 0.0 1.0 56 93
r 0.67224 1 0 ack 40 ------- 4 1.0 0.0 54 128
+ 0.67224 0 1 tcp 1040 ------- 4 0.0 1.0 74 129
r 0.67524 0 1 tcp 1040 ------- 4 0.0 1.0 55 91
+ 0.67524 1 0 ack 40 ------- 4 1.0 0.0 55 130
- 0.67524 1 0 ack 40 ------- 4 1.0 0.0 55 130
- 0.67856 0 1 tcp 1040 ------- 4 0.0 1.0 57 95
r 0.68056 1 0 ack 40 ------- 4 1.0 0.0 55 130
+ 0.68056 0 1 tcp 1040 ------- 4 0.0 1.0 75 131
r 0.68356 0 1 tcp 1040 ------- 4 0.0 1.0 56 93
+ 0.68356 1 0 ack 40 ------- 4 1.0 0.0 56 132
- 0.68356 1 0 ack 40 ------- 4 1.0 0.0 56 132
- 0.68688 0 1 tcp 1040 ------- 4 0.0 1.0 58 97
r 0.68888 1 0 ack 40 ------- 4 1.0 0.0 56 132
+ 0.68888 0 1 tcp 1040 ------- 4 0.0 1.0 76 133
r 0.69188 0 1 tcp 1040 ------- 4 0.0 1.0 57 95
+ 0.69188 1 0 ack 40 ------- 4 1.0 0.0 57 134
- 0.69188 1 0 ack 40 ------- 4 1.0 0.0 57 134
- 0.6952 0 1 tcp 1040 ------- 4 0.0 1.0 59 99
r 0.6972 1 0 ack 40 ------- 4 1.0 0.0 57 134
+ 0.6972 0 1 tcp 1040 ------- 4 0.0 1.0 77 135
r 0.7002 0 1 tcp 1040 ------- 4 0.0 1.0 58 97
+ 0.7002 1 0 ack 40 ------- 4 1.0 0.0 58 136
- 0.7002 1 0 ack 40 ------- 4 1.0 0.0 58 136
- 0.70352 0 1 tcp 1040 ------- 4 0.0 1.0 60 101
r 0.70552 1 0 ack 40 ------- 4 1.0 0.0 58 136
+ 0.70552 0 1 tcp 1040 ------- 4 0.0 1.0 78 137
r 0.70852 0 1 tcp 1040 ------- 4 0.0 1.0 59 99
+ 0.70852 1 0 ack 40 ------- 4 1.0 0.0 59 138
- 0.70852 1 0 ack 40 ------- 4 1.0 0.0 59 138
- 0.71184 0 1 tcp 1040 ------- 4 0.0 1.0 61 103
r 0.71384 1 0 ack 40 ------- 4 1.0 0.0 59 138
+ 0.71384 0 1 tcp 1040 ------- 4 0.0 1.0 79 139
r 0.71684 0 1 tcp 1040 ------- 4 0.0 1.0 60 101
+ 0.71684 1 0 ack 40 ------- 4 1.0 0.0 60 140
- 0.71684 1 0 ack 40 ------- 4 1.0 0.0 60 140
- 0.72016 0 1 tcp 1040 ------- 4 0.0 1.0 62 105
r 0.72216 1 0 ack 40 ------- 4 1.0 0.0 60 140
+ 0.72216 0 1 tcp 1040 ------- 4 0.0 1.0 80 141
r 0.72516 0 1 tcp 1040 ------- 4 0.0 1.0 61 103
+ 0.72516 1 0 ack 40 ------- 4 1.0 0.0 61 142
- 0.72516 1 0 ack 40 ------- 4 1.0 0.0 61 142
- 0.72848 0 1 tcp 1040 ------- 4 0.0 1.0 63 107
r 0.73048 1 0 ack 40 ------- 4 1.0 0.0 61 142
+ 0.73048 0 1 tcp 1040 ------- 4 0.0 1.0 81 143
r 0.73348 0 1 tcp 1040 ------- 4 0.0 1.0 62 105
+ 0.73348 1 0 ack 40 ------- 4 1.0 0.0 62 144
- 0.73348 1 0 ack 40 ------- 4 1.0 0.0 62 144
- 0.7368 0 1 tcp 1040 ------- 4 0.0 1.0 64 109
r 0.7388 1 0 ack 40 ------- 4 1.0 0.0 62 144
+ 0.7388 0 1 tcp 1040 ------- 4 0.0 1.0 82 145
r 0.7418 0 1 tcp 1040 ------- 4 0.0 1.0 63 107
+ 0.7418 1 0 ack 40 ------- 4 1.0 0.0 63 146
- 0.7418 1 0 ack 40 ------- 4 1.0 0.0 63 146
- 0.74512 0 1 tcp 1040 ------- 4 0.0 1.0 65 111
r 0.74712 1 0 ack 40 ------- 4 1.0 0.0 63 146
+ 0.74712 0 1 tcp 1040 ------- 4 0.0 1.0 83 147
r 0.75012 0 1 tcp 1040 ------- 4 0.0 1.0 64 109
+ 0.75012 1 0 ack 40 ------- 4 1.0 0.0 64 148
- 0.75012 1 0 ack 40 ------- 4 1.0 0.0 64 148
- 0.75344 0 1 tcp 1040 ------- 4 0.0 1.0 66 113
r 0.75544 1 0 ack 40 ------- 4 1.0 0.0 64 148
+ 0.75544 0 1 tcp 1040 ------- 4 0.0 1.0 84 149
r 0.75844 0 1 tcp 1040 ------- 4 0.0 1.0 65 111
+ 0.75844 1 0 ack 40 ------- 4 1.0 0.0 65 150
- 0.75844 1 0 ack 40 ------- 4 1.0 0.0 65 150
- 0.76176 0 1 tcp 1040 ------- 4 0.0 1.0 67 115
r 0.76376 1 0 ack 40 ------- 4 1.0 0.0 65 150
+ 0.76376 0 1 tcp 1040 ------- 4 0.0 1.0 85 151
r 0.76676 0 1 tcp 1040 ------- 4 0.0 1.0 66 113
+ 0.76676 1 0 ack 40 ------- 4 1.0 0.0 66 152
- 0.76676 1 0 ack 40 ------- 4 1.0 0.0 66 152
- 0.77008 0 1 tcp 1040 ------- 4 0.0 1.0 68 117
r 0.77208 1 0 ack 40 ------- 4 1.0 0.0 66 152
+ 0.77208 0 1 tcp 1040 ------- 4 0.0 1.0 86 153
r 0.77508 0 1 tcp 1040 ------- 4 0.0 1.0 67 115
+ 0.77508 1 0 ack 40 ------- 4 1.0 0.0 67 154
- 0.77508 1 0 ack 40 ------- 4 1.0 0.0 67 154
- 0.7784 0 1 tcp 1040 ------- 4 0.0 1.0 69 119
r 0.7804 1 0 ack 40 ------- 4 1.0 0.0 67 154
+ 0.7804 0 1 tcp 1040 ------- 4 0.0 1.0 87 155
r 0.7834 0 1 tcp 1040 ------- 4 0.0 1.0 68 117
+ 0.7834 1 0 ack 40 ------- 4 1.0 0.0 68 156
- 0.7834 1 0 ack 40 ------- 4 1.0 0.0 68 156
- 0.78672 0 1 tcp 1040 ------- 4 0.0 1.0 70 121
r 0.78872 1 0 ack 40 ------- 4 1.0 0.0 68 156
+ 0.78872 0 1 tcp 1040 ------- 4 0.0 1.0 88 157
r 0.79172 0 1 tcp 1040 ------- 4 0.0 1.0 69 119
+ 0.79172 1 0 ack 40 ------- 4 1.0 0.0 69 158
- 0.79172 1 0 ack 40 ------- 4 1.0 0.0 69 158
- 0.79504 0 1 tcp 1040 ------- 4 0.0 1.0 71 123
r 0.79704 1 0 ack 40 ------- 4 1.0 0.0 69 158
+ 0.79704 0 1 tcp 1040 ------- 4 0.0 1.0 89 159
r 0.80004 0 1 tcp 1040 ------- 4 0.0 1.0 70 121
+ 0.80004 1 0 ack 40 ------- 4 1.0 0.0 70 160
- 0.80004 1 0 ack 40 ------- 4 1.0 0.0 70 160
- 0.80336 0 1 tcp 1040 ------- 4 0.0 1.0 72 125
r 0.80536 1 0 ack 40 ------- 4 1.0 0.0 70 160
+ 0.80536 0 1 tcp 1040 ------- 4 0.0 1.0 90 161
r 0.80836 0 1 tcp 1040 ------- 4 0.0 1.0 71 123
+ 0.80836 1 0 ack 40 ------- 4 1.0 0.0 71 162
- 0.80836 1 0 ack 40 ------- 4 1.0 0.0 71 162
- 0.81168 0 1 tcp 1040 ------- 4 0.0 1.0 73 127
r 0.81368 1 0 ack 40 ------- 4 1.0 0.0 71 162
+ 0.81368 0 1 tcp 1040 ------- 4 0.0 1.0 91 163
r 0.81668 0 1 tcp 1040 ------- 4 0.0 1.0 72 125
+ 0.81668 1 0 ack 40 ------- 4 1.0 0.0 72 164
- 0.81668 1 0 ack 40 ------- 4 1.0 0.0 72 164
- 0.82 0 1 tcp 1040 ------- 4 0.0 1.0 74 129
r 0.822 1 0 ack 40 ------- 4 1.0 0.0 72 164
+ 0.822 0 1 tcp 1040 ------- 4 0.0 1.0 92 165
r 0.825 0 1 tcp 1040 ------- 4 0.0 1.0 73 127
+ 0.825 1 0 ack 40 ------- 4 1.0 0.0 73 166
- 0.825 1 0 ack 40 ------- 4 1.0 0.0 73 166
- 0.82832 0 1 tcp 1040 ------- 4 0.0 1.0 75 131
r 0.83032 1 0 ack 40 ------- 4 1.0 0.0 73 166
+ 0.83032 0 1 tcp 1040 ------- 4 0.0 1.0 93 167
r 0.83332 0 1 tcp 1040 ------- 4 0.0 1.0 74 129
+ 0.83332 1 0 ack 40 ------- 4 1.0 0.0 74 168
- 0.83332 1 0 ack 40 ------- 4 1.0 0.0 74 168
- 0.83664 0 1 tcp 1040 ------- 4 0.0 1.0 76 133
r 0.83864 1 0 ack 40 ------- 4 1.0 0.0 74 168
+ 0.83864 0 1 tcp 1040 ------- 4 0.0 1.0 94 169
r 0.84164 0 1 tcp 1040 ------- 4 0.0 1.0 75 131
+ 0.84164 1 0 ack 40 ------- 4 1.0 0.0 75 170
- 0.84164 1 0 ack 40 ------- 4 1.0 0.0 75 170
- 0.84496 0 1 tcp 1040 ------- 4 0.0 1.0 77 135
r 0.84696 1 0 ack 40 ------- 4 1.0 0.0 75 170
+ 0.84696 0 1 tcp 1040 ------- 4 0.0 1.0 95 171
r 0.84996 0 1 tcp 1040 ------- 4 0.0 1.0 76 133
+ 0.84996 1 0 ack 40 ------- 4 1.0 0.0 76 172
- 0.84996 1 0 ack 40 ------- 4 1.0 0.0 76 172
- 0.85328 0 1 tcp 1040 ------- 4 0.0 1.0 78 137
r 0.85528 1 0 ack 40 ------- 4 1.0 0.0 76 172
+ 0.85528 0 1 tcp 1040 ------- 4 0.0 1.0 96 173
r 0.85828 0 1 tcp 1040 ------- 4 0.0 1.0 77 135
+ 0.85828 1 0 ack 40 ------- 4 1.0 0.0 77 174
- 0.85828 1 0 ack 40 ------- 4 1.0 0.0 77 174
- 0.8616 0 1 tcp 1040 ------- 4 0.0 1.0 79 139
r 0.8636 1 0 ack 40 ------- 4 1.0 0.0 77 174
+ 0.8636 0 1 tcp 1040 ------- 4 0.0 1.0 97 175
r 0.8666 0 1 tcp 1040 ------- 4 0.0 1.0 78 137
+ 0.8666 1 0 ack 40 ------- 4 1.0 0.0 78 176
- 0.8666 1 0 ack 40 ------- 4 1.0 0.0 78 176
- 0.86992 0 1 tcp 1040 ------- 4 0.0 1.0 80 141
r 0.87192 1 0 ack 40 ------- 4 1.0 0.0 78 176
+ 0.87192 0 1 tcp 1040 ------- 4 0.0 1.0 98 177
r 0.87492 0 1 tcp 1040 ------- 4 0.0 1.0 79 139
+ 0.87492 1 0 ack 40 ------- 4 1.0 0.0 79 178
- 0.87492 1 0 ack 40 ------- 4 1.0 0.0 79 178
- 0.87824 0 1 tcp 1040 ------- 4 0.0 1.0 81 143
r 0.88024 1 0 ack 40 ------- 4 1.0 0.0 79 178
+ 0.88024 0 1 tcp 1040 ------- 4 0.0 1.0 99 179
r 0.88324 0 1 tcp 1040 ------- 4 0.0 1.0 80 141
+ 0.88324 1 0 ack 40 ------- 4 1.0 0.0 80 180
- 0.88324 1 0 ack 40 ------- 4 1.0 0.0 80 180
- 0.88656 0 1 tcp 1040 ------- 4 0.0 1.0 82 145
r 0.88856 1 0 ack 40 ------- 4 1.0 0.0 80 180
+ 0.88856 0 1 tcp 1040 ------- 4 0.0 1.0 100 181
r 0.89156 0 1 tcp 1040 ------- 4 0.0 1.0 81 143
+ 0.89156 1 0 ack 40 ------- 4 1.0 0.0 81 182
- 0.89156 1 0 ack 40 ------- 4 1.0 0.0 81 182
- 0.89488 0 1 tcp 1040 ------- 4 0.0 1.0 83 147
r 0.89688 1 0 ack 40 ------- 4 1.0 0.0 81 182
+ 0.89688 0 1 tcp 1040 ------- 4 0.0 1.0 101 183
r 0.89988 0 1 tcp 1040 ------- 4 0.0 1.0 82 145
+ 0.89988 1 0 ack 40 ------- 4 1.0 0.0 82 184
- 0.89988 1 0 ack 40 ------- 4 1.0 0.0 82 184
- 0.9032 0 1 tcp 1040 ------- 4 0.0 1.0 84 149
r 0.9052 1 0 ack 40 ------- 4 1.0 0.0 82 184
+ 0.9052 0 1 tcp 1040 ------- 4 0.0 1.0 102 185
r 0.9082 0 1 tcp 1040 ------- 4 0.0 1.0 83 147
+ 0.9082 1 0 ack 40 ------- 4 1.0 0.0 83 186
- 0.9082 1 0 ack 40 ------- 4 1.0 0.0 83 186
- 0.91152 0 1 tcp 1040 ------- 4 0.0 1.0 85 151
r 0.91352 1 0 ack 40 ------- 4 1.0 0.0 83 186
+ 0.91352 0 1 tcp 1040 ------- 4 0.0 1.0 103 187
r 0.91652 0 1 tcp 1040 ------- 4 0.0 1.0 84 149
+ 0.91652 1 0 ack 40 ------- 4 1.0 0.0 84 188
- 0.91652 1 0 ack 40 ------- 4 1.0 0.0 84 188
- 0.91984 0 1 tcp 1040 ------- 4 0.0 1.0 86 153
r 0.92184 1 0 ack 40 ------- 4 1.0 0.0 84 188
+ 0.92184 0 1 tcp 1040 ------- 4 0.0 1.0 104 189
r 0.92484 0 1 tcp 1040 ------- 4 0.0 1.0 85 151
+ 0.92484 1 0 ack 40 ------- 4 1.0 0.0 85 190
- 0.92484 1 0 ack 40 ------- 4 1.0 0.0 85 190
- 0.92816 0 1 tcp 1040 ------- 4 0.0 1.0 87 155
r 0.93016 1 0 ack 40 ------- 4 1.0 0.0 85 190
+ 0.93016 0 1 tcp 1040 ------- 4 0.0 1.0 105 191
r 0.93316 0 1 tcp 1040 ------- 4 0.0 1.0 86 153
+ 0.93316 1 0 ack 40 ------- 4 1.0 0.0 86 192
- 0.93316 1 0 ack 40 ------- 4 1.0 0.0 86 192
- 0.93648 0 1 tcp 1040 ------- 4 0.0 1.0 88 157
r 0.93848 1 0 ack 40 ------- 4 1.0 0.0 86 192
+ 0.93848 0 1 tcp 1040 ------- 4 0.0 1.0 106 193
r 0.94148 0 1 tcp 1040 ------- 4 0.0 1.0 87 155
+ 0.94148 1 0 ack 40 ------- 4 1.0 0.0 87 194
- 0.94148 1 0 ack 40 ------- 4 1.0 0.0 87 194
- 0.9448 0 1 tcp 1040 ------- 4 0.0 1.0 89 159
r 0.9468 1 0 ack 40 ------- 4 1.0 0.0 87 194
+ 0.9468 0 1 tcp 1040 ------- 4 0.0 1.0 107 195
r 0.9498 0 1 tcp 1040 ------- 4 0.0 1.0 88 157
+ 0.9498 1 0 ack 40 ------- 4 1.0 0.0 88 196
- 0.9498 1 0 ack 40 ------- 4 1.0 0.0 88 196
- 0.95312 0 1 tcp 1040 ------- 4 0.0 1.0 90 161
r 0.95512 1 0 ack 40 ------- 4 1.0 0.0 88 196
+ 0.95512 0 1 tcp 1040 ------- 4 0.0 1.0 108 197
r 0.95812 0 1 tcp 1040 ------- 4 0.0 1.0 89 159
+ 0.95812 1 0 ack 40 ------- 4 1.0 0.0 89 198
- 0.95812 1 0 ack 40 ------- 4 1.0 0.0 89 198
- 0.96144 0 1 tcp 1040 ------- 4 0.0 1.0 91 163
r 0.96344 1 0 ack 40 ------- 4 1.0 0.0 89 198
+ 0.96344 0 1 tcp 1040 ------- 4 0.0 1.0 109 199
r 0.96644 0 1 tcp 1040 ------- 4 0.0 1.0 90 161
+ 0.96644 1 0 ack 40 ------- 4 1.0 0.0 90 200
- 0.96644 1 0 ack 40 ------- 4 1.0 0.0 90 200
- 0.96976 0 1 tcp 1040 ------- 4 0.0 1.0 92 165
r 0.97176 1 0 ack 40 ------- 4 1.0 0.0 90 200
+ 0.97176 0 1 tcp 1040 ------- 4 0.0 1.0 110 201
r 0.97476 0 1 tcp 1040 ------- 4 0.0 1.0 91 163
+ 0.97476 1 0 ack 40 ------- 4 1.0 0.0 91 202
- 0.97476 1 0 ack 40 ------- 4 1.0 0.0 91 202
- 0.97808 0 1 tcp 1040 ------- 4 0.0 1.0 93 167
r 0.98008 1 0 ack 40 ------- 4 1.0 0.0 91 202
+ 0.98008 0 1 tcp 1040 ------- 4 0.0 1.0 111 203
r 0.98308 0 1 tcp 1040 ------- 4 0.0 1.0 92 165
+ 0.98308 1 0 ack 40 ------- 4 1.0 0.0 92 204
- 0.98308 1 0 ack 40 ------- 4 1.0 0.0 92 204
- 0.9864 0 1 tcp 1040 ------- 4 0.0 1.0 94 169
r 0.9884 1 0 ack 40 ------- 4 1.0 0.0 92 204
+ 0.9884 0 1 tcp 1040 ------- 4 0.0 1.0 112 205
r 0.9914 0 1 tcp 1040 ------- 4 0.0 1.0 93 167
+ 0.9914 1 0 ack 40 ------- 4 1.0 0.0 93 206
- 0.9914 1 0 ack 40 ------- 4 1.0 0.0 93 206
- 0.99472 0 1 tcp 1040 ------- 4 0.0 1.0 95 171
r 0.99672 1 0 ack 40 ------- 4 1.0 0.0 93 206
+ 0.99672 0 1 tcp 1040 ------- 4 0.0 1.0 113 207
r 0.99972 0 1 tcp 1040 ------- 4 0.0 1.0 94 169
+ 0.99972 1 0 ack 40 ------- 4 1.0 0.0 94 208
- 0.99972 1 0 ack 40 ------- 4 1.0 0.0 94 208
- 1.00304 0 1 tcp 1040 ------- 4 0.0 1.0 96 173
r 1.00504 1 0 ack 40 ------- 4 1.0 0.0 94 208
+ 1.00504 0 1 tcp 1040 ------- 4 0.0 1.0 114 209
r 1.00804 0 1 tcp 1040 ------- 4 0.0 1.0 95 171
+ 1.00804 1 0 ack 40 ------- 4 1.0 0.0 95 210
- 1.00804 1 0 ack 40 ------- 4 1.0 0.0 95 210
- 1.01136 0 1 tcp 1040 ------- 4 0.0 1.0 97 175
r 1.01336 1 0 ack 40 ------- 4 1.0 0.0 95 210
+ 1.01336 0 1 tcp 1040 ------- 4 0.0 1.0 115 211
r 1.01636 0 1 tcp 1040 ------- 4 0.0 1.0 96 173
+ 1.01636 1 0 ack 40 ------- 4 1.0 0.0 96 212
- 1.01636 1 0 ack 40 ------- 4 1.0 0.0 96 212
- 1.01968 0 1 tcp 1040 ------- 4 0.0 1.0 98 177
r 1.02168 1 0 ack 40 ------- 4 1.0 0.0 96 212
+ 1.02168 0 1 tcp 1040 ------- 4 0.0 1.0 116 213
r 1.02468 0 1 tcp 1040 ------- 4 0.0 1.0 97 175
+ 1.02468 1 0 ack 40 ------- 4 1.0 0.0 97 214
- 1.02468 1 0 ack 40 ------- 4 1.0 0.0 97 214
- 1.028 0 1 tcp 1040 ------- 4 0.0 1.0 99 179
r 1.03 1 0 ack 40 ------- 4 1.0 0.0 97 214
+ 1.03 0 1 tcp 1040 ------- 4 0.0 1.0 117 215
r 1.033 0 1 tcp 1040 ------- 4 0.0 1.0 98 177
+ 1.033 1 0 ack 40 ------- 4 1.0 0.0 98 216
- 1.033 1 0 ack 40 ------- 4 1.0 0.0 98 216
- 1.03632 0 1 tcp 1040 ------- 4 0.0 1.0 100 181
r 1.03832 1 0 ack 40 ------- 4 1.0 0.0 98 216
+ 1.03832 0 1 tcp 1040 ------- 4 0.0 1.0 118 217
r 1.04132 0 1 tcp 1040 ------- 4 0.0 1.0 99 179
+ 1.04132 1 0 ack 40 ------- 4 1.0 0.0 99 218
- 1.04132 1 0 ack 40 ------- 4 1.0 0.0 99 218
- 1.04464 0 1 tcp 1040 ------- 4 0.0 1.0 101 183
r 1.04664 1 0 ack 40 ------- 4 1.0 0.0 99 218
+ 1.04664 0 1 tcp 1040 ------- 4 0.0 1.0 119 219
r 1.04964 0 1 tcp 1040 ------- 4 0.0 1.0 100 181
+ 1.04964 1 0 ack 40 ------- 4 1.0 0.0 100 220
- 1.04964 1 0 ack 40 ------- 4 1.0 0.0 100 220
- 1.05296 0 1 tcp 1040 ------- 4 0.0 1.0 102 185
r 1.05496 1 0 ack 40 ------- 4 1.0 0.0 100 220
+ 1.05496 0 1 tcp 1040 ------- 4 0.0 1.0 120 221
r 1.05796 0 1 tcp 1040 ------- 4 0.0 1.0 101 183
+ 1.05796 1 0 ack 40 ------- 4 1.0 0.0 101 222
- 1.05796 1 0 ack 40 ------- 4 1.0 0.0 101 222
- 1.06128 0 1 tcp 1040 ------- 4 0.0 1.0 103 187
r 1.06328 1 0 ack 40 ------- 4 1.0 0.0 101 222
+ 1.06328 0 1 tcp 1040 ------- 4 0.0 1.0 121 223
r 1.06628 0 1 tcp 1040 ------- 4 0.0 1.0 102 185
+ 1.06628 1 0 ack 40 ------- 4 1.0 0.0 102 224
- 1.06628 1 0 ack 40 ------- 4 1.0 0.0 102 224
- 1.0696 0 1 tcp 1040 ------- 4 0.0 1.0 104 189
r 1.0716 1 0 ack 40 ------- 4 1.0 0.0 102 224
+ 1.0716 0 1 tcp 1040 ------- 4 0.0 1.0 122 225
r 1.0746 0 1 tcp 1040 ------- 4 0.0 1.0 103 187
+ 1.0746 1 0 ack 40 ------- 4 1.0 0.0 103 226
- 1.0746 1 0 ack 40 ------- 4 1.0 0.0 103 226
- 1.07792 0 1 tcp 1040 ------- 4 0.0 1.0 105 191
r 1.07992 1 0 ack 40 ------- 4 1.0 0.0 103 226
+ 1.07992 0 1 tcp 1040 ------- 4 0.0 1.0 123 227
r 1.08292 0 1 tcp 1040 ------- 4 0.0 1.0 104 189
+ 1.08292 1 0 ack 40 ------- 4 1.0 0.0 104 228
- 1.08292 1 0 ack 40 ------- 4 1.0 0.0 104 228
- 1.08624 0 1 tcp 1040 ------- 4 0.0 1.0 106 193
r 1.08824 1 0 ack 40 ------- 4 1.0 0.0 104 228
+ 1.08824 0 1 tcp 1040 ------- 4 0.0 1.0 124 229
r 1.09124 0 1 tcp 1040 ------- 4 0.0 1.0 105 191
+ 1.09124 1 0 ack 40 ------- 4 1.0 0.0 105 230
- 1.09124 1 0 ack 40 ------- 4 1.0 0.0 105 230
- 1.09456 0 1 tcp 1040 ------- 4 0.0 1.0 107 195
r 1.09656 1 0 ack 40 ------- 4 1.0 0.0 105 230
+ 1.09656 0 1 tcp 1040 ------- 4 0.0 1.0 125 231
r 1.09956 0 1 tcp 1040 ------- 4 0.0 1.0 106 193
+ 1.09956 1 0 ack 40 ------- 4 1.0 0.0 106 232
- 1.09956 1 0 ack 40 ------- 4 1.0 0.0 106 232
- 1.10288 0 1 tcp 1040 ------- 4 0.0 1.0 108 197
r 1.10488 1 0 ack 40 ------- 4 1.0 0.0 106 232
+ 1.10488 0 1 tcp 1040 ------- 4 0.0 1.0 126 233
r 1.10788 0 1 tcp 1040 ------- 4 0.0 1.0 107 195
+ 1.10788 1 0 ack 40 ------- 4 1.0 0.0 107 234
- 1.10788 1 0 ack 40 ------- 4 1.0 0.0 107 234
- 1.1112 0 1 tcp 1040 ------- 4 0.0 1.0 109 199
r 1.1132 1 0 ack 40 ------- 4 1.0 0.0 107 234
+ 1.1132 0 1 tcp 1040 ------- 4 0.0 1.0 127 235
r 1.1162 0 1 tcp 1040 ------- 4 0.0 1.0 108 197
+ 1.1162 1 0 ack 40 ------- 4 1.0 0.0 108 236
- 1.1162 1 0 ack 40 ------- 4 1.0 0.0 108 236
- 1.11952 0 1 tcp 1040 ------- 4 0.0 1.0 110 201
r 1.12152 1 0 ack 40 ------- 4 1.0 0.0 108 236
+ 1.12152 0 1 tcp 1040 ------- 4 0.0 1.0 128 237
r 1.12452 0 1 tcp 1040 ------- 4 0.0 1.0 109 199
+ 1.12452 1 0 ack 40 ------- 4 1.0 0.0 109 238
- 1.12452 1 0 ack 40 ------- 4 1.0 0.0 109 238
- 1.12784 0 1 tcp 1040 ------- 4 0.0 1.0 111 203
r 1.12984 1 0 ack 40 ------- 4 1.0 0.0 109 238
+ 1.12984 0 1 tcp 1040 ------- 4 0.0 1.0 129 239
r 1.13284 0 1 tcp 1040 ------- 4 0.0 1.0 110 201
+ 1.13284 1 0 ack 40 ------- 4 1.0 0.0 110 240
- 1.13284 1 0 ack 40 ------- 4 1.0 0.0 110 240
- 1.13616 0 1 tcp 1040 ------- 4 0.0 1.0 112 205
r 1.13816 1 0 ack 40 ------- 4 1.0 0.0 110 240
+ 1.13816 0 1 tcp 1040 ------- 4 0.0 1.0 130 241
r 1.14116 0 1 tcp 1040 ------- 4 0.0 1.0 111 203
+ 1.14116 1 0 ack 40 ------- 4 1.0 0.0 111 242
- 1.14116 1 0 ack 40 ------- 4 1.0 0.0 111 242
- 1.14448 0 1 tcp 1040 ------- 4 0.0 1.0 113 207
r 1.14648 1 0 ack 40 ------- 4 1.0 0.0 111 242
+ 1.14648 0 1 tcp 1040 ------- 4 0.0 1.0 131 243
r 1.14948 0 1 tcp 1040 ------- 4 0.0 1.0 112 205
+ 1.14948 1 0 ack 40 ------- 4 1.0 0.0 112 244
- 1.14948 1 0 ack 40 ------- 4 1.0 0.0 112 244
- 1.1528 0 1 tcp 1040 ------- 4 0.0 1.0 114 209
r 1.1548 1 0 ack 40 ------- 4 1.0 0.0 112 244
+ 1.1548 0 1 tcp 1040 ------- 4 0.0 1.0 132 245
r 1.1578 0 1 tcp 1040 ------- 4 0.0 1.0 113 207
+ 1.1578 1 0 ack 40 ------- 4 1.0 0.0 113 246
- 1.1578 1 0 ack 40 ------- 4 1.0 0.0 113 246
- 1.16112 0 1 tcp 1040 ------- 4 0.0 1.0 115 211
r 1.16312 1 0 ack 40 ------- 4 1.0 0.0 113 246
+ 1.16312 0 1 tcp 1040 ------- 4 0.0 1.0 133 247
r 1.16612 0 1 tcp 1040 ------- 4 0.0 1.0 114 209
+ 1.16612 1 0 ack 40 ------- 4 1.0 0.0 114 248
- 1.16612 1 0 ack 40 ------- 4 1.0 0.0 114 248
- 1.16944 0 1 tcp 1040 ------- 4 0.0 1.0 116 213
r 1.17144 1 0 ack 40 ------- 4 1.0 0.0 114 248
+ 1.17144 0 1 tcp 1040 ------- 4 0.0 1.0 134 249
r 1.17444 0 1 tcp 1040 ------- 4 0.0 1.0 115 211
+ 1.17444 1 0 ack 40 ------- 4 1.0 0.0 115 250
- 1.17444 1 0 ack 40 ------- 4 1.0 0.0 115 250
- 1.17776 0 1 tcp 1040 ------- 4 0.0 1.0 117 215
r 1.17976 1 0 ack 40 ------- 4 1.0 0.0 115 250
+ 1.17976 0 1 tcp 1040 ------- 4 0.0 1.0 135 251
r 1.18276 0 1 tcp 1040 ------- 4 0.0 1.0 116 213
+ 1.18276 1 0 ack 40 ------- 4 1.0 0.0 116 252
- 1.18276 1 0 ack 40 ------- 4 1.0 0.0 116 252
- 1.18608 0 1 tcp 1040 ------- 4 0.0 1.0 118 217
r 1.18808 1 0 ack 40 ------- 4 1.0 0.0 116 252
+ 1.18808 0 1 tcp 1040 ------- 4 0.0 1.0 136 253
r 1.19108 0 1 tcp 1040 ------- 4 0.0 1.0 117 215
+ 1.19108 1 0 ack 40 ------- 4 1.0 0.0 117 254
- 1.19108 1 0 ack 40 ------- 4 1.0 0.0 117 254
- 1.1944 0 1 tcp 1040 ------- 4 0.0 1.0 119 219
r 1.1964 1 0 ack 40 ------- 4 1.0 0.0 117 254
+ 1.1964 0 1 tcp 1040 ------- 4 0.0 1.0 137 255
r 1.1994 0 1 tcp 1040 ------- 4 0.0 1.0 118 217
+ 1.1994 1 0 ack 40 ------- 4 1.0 0.0 118 256
- 1.1994 1 0 ack 40 ------- 4 1.0 0.0 118 256
- 1.20272 0 1 tcp 1040 ------- 4 0.0 1.0 120 221
r 1.20472 1 0 ack 40 ------- 4 1.0 0.0 118 256
+ 1.20472 0 1 tcp 1040 ------- 4 0.0 1.0 138 257
r 1.20772 0 1 tcp 1040 ------- 4 0.0 1.0 119 219
+ 1.20772 1 0 ack 40 ------- 4 1.0 0.0 119 258
- 1.20772 1 0 ack 40 ------- 4 1.0 0.0 119 258
- 1.21104 0 1 tcp 1040 ------- 4 0.0 1.0 121 223
r 1.21304 1 0 ack 40 ------- 4 1.0 0.0 119 258
+ 1.21304 0 1 tcp 1040 ------- 4 0.0 1.0 139 259
r 1.21604 0 1 tcp 1040 ------- 4 0.0 1.0 120 221
+ 1.21604 1 0 ack 40 ------- 4 1.0 0.0 120 260
- 1.21604 1 0 ack 40 ------- 4 1.0 0.0 120 260
- 1.21936 0 1 tcp 1040 ------- 4 0.0 1.0 122 225
r 1.22136 1 0 ack 40 ------- 4 1.0 0.0 120 260
+ 1.22136 0 1 tcp 1040 ------- 4 0.0 1.0 140 261
r 1.22436 0 1 tcp 1040 ------- 4 0.0 1.0 121 223
+ 1.22436 1 0 ack 40 ------- 4 1.0 0.0 121 262
- 1.22436 1 0 ack 40 ------- 4 1.0 0.0 121 262
- 1.22768 0 1 tcp 1040 ------- 4 0.0 1.0 123 227
r 1.22968 1 0 ack 40 ------- 4 1.0 0.0 121 262
+ 1.22968 0 1 tcp 1040 ------- 4 0.0 1.0 141 263
r 1.23268 0 1 tcp 1040 ------- 4 0.0 1.0 122 225
+ 1.23268 1 0 ack 40 ------- 4 1.0 0.0 122 264
- 1.23268 1 0 ack 40 ------- 4 1.0 0.0 122 264
- 1.236 0 1 tcp 1040 ------- 4 0.0 1.0 124 229
r 1.238 1 0 ack 40 ------- 4 1.0 0.0 122 264
+ 1.238 0 1 tcp 1040 ------- 4 0.0 1.0 142 265
r 1.241 0 1 tcp 1040 ------- 4 0.0 1.0 123 227
+ 1.241 1 0 ack 40 ------- 4 1.0 0.0 123 266
- 1.241 1 0 ack 40 ------- 4 1.0 0.0 123 266
- 1.24432 0 1 tcp 1040 ------- 4 0.0 1.0 125 231
r 1.24632 1 0 ack 40 ------- 4 1.0 0.0 123 266
+ 1.24632 0 1 tcp 1040 ------- 4 0.0 1.0 143 267
r 1.24932 0 1 tcp 1040 ------- 4 0.0 1.0 124 229
+ 1.24932 1 0 ack 40 ------- 4 1.0 0.0 124 268
- 1.24932 1 0 ack 40 ------- 4 1.0 0.0 124 268
- 1.25264 0 1 tcp 1040 ------- 4 0.0 1.0 126 233
r 1.25464 1 0 ack 40 ------- 4 1.0 0.0 124 268
+ 1.25464 0 1 tcp 1040 ------- 4 0.0 1.0 144 269
r 1.25764 0 1 tcp 1040 ------- 4 0.0 1.0 125 231
+ 1.25764 1 0 ack 40 ------- 4 1.0 0.0 125 270
- 1.25764 1 0 ack 40 ------- 4 1.0 0.0 125 270
- 1.26096 0 1 tcp 1040 ------- 4 0.0 1.0 127 235
r 1.26296 1 0 ack 40 ------- 4 1.0 0.0 125 270
+ 1.26296 0 1 tcp 1040 ------- 4 0.0 1.0 145 271
r 1.26596 0 1 tcp 1040 ------- 4 0.0 1.0 126 233
+ 1.26596 1 0 ack 40 ------- 4 1.0 0.0 126 272
- 1.26596 1 0 ack 40 ------- 4 1.0 0.0 126 272
- 1.26928 0 1 tcp 1040 ------- 4 0.0 1.0 128 237
r 1.27128 1 0 ack 40 ------- 4 1.0 0.0 126 272
+ 1.27128 0 1 tcp 1040 ------- 4 0.0 1.0 146 273
r 1.27428 0 1 tcp 1040 ------- 4 0.0 1.0 127 235
+ 1.27428 1 0 ack 40 ------- 4 1.0 0.0 127 274
- 1.27428 1 0 ack 40 ------- 4 1.0 0.0 127 274
- 1.2776 0 1 tcp 1040 ------- 4 0.0 1.0 129 239
r 1.2796 1 0 ack 40 ------- 4 1.0 0.0 127 274
+ 1.2796 0 1 tcp 1040 ------- 4 0.0 1.0 147 275
r 1.2826 0 1 tcp 1040 ------- 4 0.0 1.0 128 237
+ 1.2826 1 0 ack 40 ------- 4 1.0 0.0 128 276
- 1.2826 1 0 ack 40 ------- 4 1.0 0.0 128 276
- 1.28592 0 1 tcp 1040 ------- 4 0.0 1.0 130 241
r 1.28792 1 0 ack 40 ------- 4 1.0 0.0 128 276
+ 1.28792 0 1 tcp 1040 ------- 4 0.0 1.0 148 277
r 1.29092 0 1 tcp 1040 ------- 4 0.0 1.0 129 239
+ 1.29092 1 0 ack 40 ------- 4 1.0 0.0 129 278
- 1.29092 1 0 ack 40 ------- 4 1.0 0.0 129 278
- 1.29424 0 1 tcp 1040 ------- 4 0.0 1.0 131 243
r 1.29624 1 0 ack 40 ------- 4 1.0 0.0 129 278
+ 1.29624 0 1 tcp 1040 ------- 4 0.0 1.0 149 279
r 1.29924 0 1 tcp 1040 ------- 4 0.0 1.0 130 241
+ 1.29924 1 0 ack 40 ------- 4 1.0 0.0 130 280
- 1.29924 1 0 ack 40 ------- 4 1.0 0.0 130 280
- 1.30256 0 1 tcp 1040 ------- 4 0.0 1.0 132 245
r 1.30456 1 0 ack 40 ------- 4 1.0 0.0 130 280
+ 1.30456 0 1 tcp 1040 ------- 4 0.0 1.0 150 281
r 1.30756 0 1 tcp 1040 ------- 4 0.0 1.0 131 243
+ 1.30756 1 0 ack 40 ------- 4 1.0 0.0 131 282
- 1.30756 1 0 ack 40 ------- 4 1.0 0.0 131 282
- 1.31088 0 1 tcp 1040 ------- 4 0.0 1.0 133 247
r 1.31288 1 0 ack 40 ------- 4 1.0 0.0 131 282
+ 1.31288 0 1 tcp 1040 ------- 4 0.0 1.0 151 283
r 1.31588 0 1 tcp 1040 ------- 4 0.0 1.0 132 245
+ 1.31588 1 0 ack 40 ------- 4 1.0 0.0 132 284
- 1.31588 1 0 ack 40 ------- 4 1.0 0.0 132 284
- 1.3192 0 1 tcp 1040 ------- 4 0.0 1.0 134 249
r 1.3212 1 0 ack 40 ------- 4 1.0 0.0 132 284
+ 1.3212 0 1 tcp 1040 ------- 4 0.0 1.0 152 285
r 1.3242 0 1 tcp 1040 ------- 4 0.0 1.0 133 247
+ 1.3242 1 0 ack 40 ------- 4 1.0 0.0 133 286
- 1.3242 1 0 ack 40 ------- 4 1.0 0.0 133 286
- 1.32752 0 1 tcp 1040 ------- 4 0.0 1.0 135 251
r 1.32952 1 0 ack 40 ------- 4 1.0 0.0 133 286
+ 1.32952 0 1 tcp 1040 ------- 4 0.0 1.0 153 287
r 1.33252 0 1 tcp 1040 ------- 4 0.0 1.0 134 249
+ 1.33252 1 0 ack 40 ------- 4 1.0 0.0 134 288
- 1.33252 1 0 ack 40 ------- 4 1.0 0.0 134 288
- 1.33584 0 1 tcp 1040 ------- 4 0.0 1.0 136 253
r 1.33784 1 0 ack 40 ------- 4 1.0 0.0 134 288
+ 1.33784 0 1 tcp 1040 ------- 4 0.0 1.0 154 289
r 1.34084 0 1 tcp 1040 ------- 4 0.0 1.0 135 251
+ 1.34084 1 0 ack 40 ------- 4 1.0 0.0 135 290
- 1.34084 1 0 ack 40 ------- 4 1.0 0.0 135 290
- 1.34416 0 1 tcp 1040 ------- 4 0.0 1.0 137 255
r 1.34616 1 0 ack 40 ------- 4 1.0 0.0 135 290
+ 1.34616 0 1 tcp 1040 ------- 4 0.0 1.0 155 291
r 1.34916 0 1 tcp 1040 ------- 4 0.0 1.0 136 253
+ 1.34916 1 0 ack 40 ------- 4 1.0 0.0 136 292
- 1.34916 1 0 ack 40 ------- 4 1.0 0.0 136 292
- 1.35248 0 1 tcp 1040 ------- 4 0.0 1.0 138 257
r 1.35448 1 0 ack 40 ------- 4 1.0 0.0 136 292
+ 1.35448 0 1 tcp 1040 ------- 4 0.0 1.0 156 293
r 1.35748 0 1 tcp 1040 ------- 4 0.0 1.0 137 255
+ 1.35748 1 0 ack 40 ------- 4 1.0 0.0 137 294
- 1.35748 1 0 ack 40 ------- 4 1.0 0.0 137 294
- 1.3608 0 1 tcp 1040 ------- 4 0.0 1.0 139 259
r 1.3628 1 0 ack 40 ------- 4 1.0 0.0 137 294
+ 1.3628 0 1 tcp 1040 ------- 4 0.0 1.0 157 295
r 1.3658 0 1 tcp 1040 ------- 4 0.0 1.0 138 257
+ 1.3658 1 0 ack 40 ------- 4 1.0 0.0 138 296
- 1.3658 1 0 ack 40 ------- 4 1.0 0.0 138 296
- 1.36912 0 1 tcp 1040 ------- 4 0.0 1.0 140 261
r 1.37112 1 0 ack 40 ------- 4 1.0 0.0 138 296
+ 1.37112 0 1 tcp 1040 ------- 4 0.0 1.0 158 297
r 1.37412 0 1 tcp 1040 ------- 4 0.0 1.0 139 259
+ 1.37412 1 0 ack 40 ------- 4 1.0 0.0 139 298
- 1.37412 1 0 ack 40 ------- 4 1.0 0.0 139 298
- 1.37744 0 1 tcp 1040 ------- 4 0.0 1.0 141 263
r 1.37944 1 0 ack 40 ------- 4 1.0 0.0 139 298
+ 1.37944 0 1 tcp 1040 ------- 4 0.0 1.0 159 299
r 1.38244 0 1 tcp 1040 ------- 4 0.0 1.0 140 261
+ 1.38244 1 0 ack 40 ------- 4 1.0 0.0 140 300
- 1.38244 1 0 ack 40 ------- 4 1.0 0.0 140 300
- 1.38576 0 1 tcp 1040 ------- 4 0.0 1.0 142 265
r 1.38776 1 0 ack 40 ------- 4 1.0 0.0 140 300
+ 1.38776 0 1 tcp 1040 ------- 4 0.0 1.0 160 301
r 1.39076 0 1 tcp 1040 ------- 4 0.0 1.0 141 263
+ 1.39076 1 0 ack 40 ------- 4 1.0 0.0 141 302
- 1.39076 1 0 ack 40 ------- 4 1.0 0.0 141 302
- 1.39408 0 1 tcp 1040 ------- 4 0.0 1.0 143 267
r 1.39608 1 0 ack 40 ------- 4 1.0 0.0 141 302
+ 1.39608 0 1 tcp 1040 ------- 4 0.0 1.0 161 303
r 1.39908 0 1 tcp 1040 ------- 4 0.0 1.0 142 265
+ 1.39908 1 0 ack 40 ------- 4 1.0 0.0 142 304
- 1.39908 1 0 ack 40 ------- 4 1.0 0.0 142 304
- 1.4024 0 1 tcp 1040 ------- 4 0.0 1.0 144 269
r 1.4044 1 0 ack 40 ------- 4 1.0 0.0 142 304
+ 1.4044 0 1 tcp 1040 ------- 4 0.0 1.0 162 305
r 1.4074 0 1 tcp 1040 ------- 4 0.0 1.0 143 267
+ 1.4074 1 0 ack 40 ------- 4 1.0 0.0 143 306
- 1.4074 1 0 ack 40 ------- 4 1.0 0.0 143 306
- 1.41072 0 1 tcp 1040 ------- 4 0.0 1.0 145 271
r 1.41272 1 0 ack 40 ------- 4 1.0 0.0 143 306
+ 1.41272 0 1 tcp 1040 ------- 4 0.0 1.0 163 307
r 1.41572 0 1 tcp 1040 ------- 4 0.0 1.0 144 269
+ 1.41572 1 0 ack 40 ------- 4 1.0 0.0 144 308
- 1.41572 1 0 ack 40 ------- 4 1.0 0.0 144 308
- 1.41904 0 1 tcp 1040 ------- 4 0.0 1.0 146 273
r 1.42104 1 0 ack 40 ------- 4 1.0 0.0 144 308
+ 1.42104 0 1 tcp 1040 ------- 4 0.0 1.0 164 309
r 1.42404 0 1 tcp 1040 ------- 4 0.0 1.0 145 271
+ 1.42404 1 0 ack 40 ------- 4 1.0 0.0 145 310
- 1.42404 1 0 ack 40 ------- 4 1.0 0.0 145 310
- 1.42736 0 1 tcp 1040 ------- 4 0.0 1.0 147 275
r 1.42936 1 0 ack 40 ------- 4 1.0 0.0 145 310
+ 1.42936 0 1 tcp 1040 ------- 4 0.0 1.0 165 311
r 1.43236 0 1 tcp 1040 ------- 4 0.0 1.0 146 273
+ 1.43236 1 0 ack 40 ------- 4 1.0 0.0 146 312
- 1.43236 1 0 ack 40 ------- 4 1.0 0.0 146 312
- 1.43568 0 1 tcp 1040 ------- 4 0.0 1.0 148 277
r 1.43768 1 0 ack 40 ------- 4 1.0 0.0 146 312
+ 1.43768 0 1 tcp 1040 ------- 4 0.0 1.0 166 313
r 1.44068 0 1 tcp 1040 ------- 4 0.0 1.0 147 275
+ 1.44068 1 0 ack 40 ------- 4 1.0 0.0 147 314
- 1.44068 1 0 ack 40 ------- 4 1.0 0.0 147 314
- 1.444 0 1 tcp 1040 ------- 4 0.0 1.0 149 279
r 1.446 1 0 ack 40 ------- 4 1.0 0.0 147 314
+ 1.446 0 1 tcp 1040 ------- 4 0.0 1.0 167 315
r 1.449 0 1 tcp 1040 ------- 4 0.0 1.0 148 277
+ 1.449 1 0 ack 40 ------- 4 1.0 0.0 148 316
- 1.449 1 0 ack 40 ------- 4 1.0 0.0 148 316
- 1.45232 0 1 tcp 1040 ------- 4 0.0 1.0 150 281
r 1.45432 1 0 ack 40 ------- 4 1.0 0.0 148 316
+ 1.45432 0 1 tcp 1040 ------- 4 0.0 1.0 168 317
r 1.45732 0 1 tcp 1040 ------- 4 0.0 1.0 149 279
+ 1.45732 1 0 ack 40 ------- 4 1.0 0.0 149 318
- 1.45732 1 0 ack 40 ------- 4 1.0 0.0 149 318
- 1.46064 0 1 tcp 1040 ------- 4 0.0 1.0 151 283
r 1.46264 1 0 ack 40 ------- 4 1.0 0.0 149 318
+ 1.46264 0 1 tcp 1040 ------- 4 0.0 1.0 169 319
r 1.46564 0 1 tcp 1040 ------- 4 0.0 1.0 150 281
+ 1.46564 1 0 ack 40 ------- 4 1.0 0.0 150 320
- 1.46564 1 0 ack 40 ------- 4 1.0 0.0 150 320
- 1.46896 0 1 tcp 1040 ------- 4 0.0 1.0 152 285
r 1.47096 1 0 ack 40 ------- 4 1.0 0.0 150 320
+ 1.47096 0 1 tcp 1040 ------- 4 0.0 1.0 170 321
r 1.47396 0 1 tcp 1040 ------- 4 0.0 1.0 151 283
+ 1.47396 1 0 ack 40 ------- 4 1.0 0.0 151 322
- 1.47396 1 0 ack 40 ------- 4 1.0 0.0 151 322
- 1.47728 0 1 tcp 1040 ------- 4 0.0 1.0 153 287
r 1.47928 1 0 ack 40 ------- 4 1.0 0.0 151 322
+ 1.47928 0 1 tcp 1040 ------- 4 0.0 1.0 171 323
r 1.48228 0 1 tcp 1040 ------- 4 0.0 1.0 152 285
+ 1.48228 1 0 ack 40 ------- 4 1.0 0.0 152 324
- 1.48228 1 0 ack 40 ------- 4 1.0 0.0 152 324
- 1.4856 0 1 tcp 1040 ------- 4 0.0 1.0 154 289
r 1.4876 1 0 ack 40 ------- 4 1.0 0.0 152 324
+ 1.4876 0 1 tcp 1040 ------- 4 0.0 1.0 172 325
r 1.4906 0 1 tcp 1040 ------- 4 0.0 1.0 153 287
+ 1.4906 1 0 ack 40 ------- 4 1.0 0.0 153 326
- 1.4906 1 0 ack 40 ------- 4 1.0 0.0 153 326
- 1.49392 0 1 tcp 1040 ------- 4 0.0 1.0 155 291
r 1.49592 1 0 ack 40 ------- 4 1.0 0.0 153 326
+ 1.49592 0 1 tcp 1040 ------- 4 0.0 1.0 173 327
r 1.49892 0 1 tcp 1040 ------- 4 0.0 1.0 154 289
+ 1.49892 1 0 ack 40 ------- 4 1.0 0.0 154 328
- 1.49892 1 0 ack 40 ------- 4 1.0 0.0 154 328
- 1.50224 0 1 tcp 1040 ------- 4 0.0 1.0 156 293
r 1.50424 1 0 ack 40 ------- 4 1.0 0.0 154 328
+ 1.50424 0 1 tcp 1040 ------- 4 0.0 1.0 174 329
r 1.50724 0 1 tcp 1040 ------- 4 0.0 1.0 155 291
+ 1.50724 1 0 ack 40 ------- 4 1.0 0.0 155 330
- 1.50724 1 0 ack 40 ------- 4 1.0 0.0 155 330
- 1.51056 0 1 tcp 1040 ------- 4 0.0 1.0 157 295
r 1.51256 1 0 ack 40 ------- 4 1.0 0.0 155 330
+ 1.51256 0 1 tcp 1040 ------- 4 0.0 1.0 175 331
r 1.51556 0 1 tcp 1040 ------- 4 0.0 1.0 156 293
+ 1.51556 1 0 ack 40 ------- 4 1.0 0.0 156 332
- 1.51556 1 0 ack 40 ------- 4 1.0 0.0 156 332
- 1.51888 0 1 tcp 1040 ------- 4 0.0 1.0 158 297
r 1.52088 1 0 ack 40 ------- 4 1.0 0.0 156 332
+ 1.52088 0 1 tcp 1040 ------- 4 0.0 1.0 176 333
r 1.52388 0 1 tcp 1040 ------- 4 0.0 1.0 157 295
+ 1.52388 1 0 ack 40 ------- 4 1.0 0.0 157 334
- 1.52388 1 0 ack 40 ------- 4 1.0 0.0 157 334
- 1.5272 0 1 tcp 1040 ------- 4 0.0 1.0 159 299
r 1.5292 1 0 ack 40 ------- 4 1.0 0.0 157 334
+ 1.5292 0 1 tcp 1040 ------- 4 0.0 1.0 177 335
r 1.5322 0 1 tcp 1040 ------- 4 0.0 1.0 158 297
+ 1.5322 1 0 ack 40 ------- 4 1.0 0.0 158 336
- 1.5322 1 0 ack 40 ------- 4 1.0 0.0 158 336
- 1.53552 0 1 tcp 1040 ------- 4 0.0 1.0 160 301
r 1.53752 1 0 ack 40 ------- 4 1.0 0.0 158 336
+ 1.53752 0 1 tcp 1040 ------- 4 0.0 1.0 178 337
r 1.54052 0 1 tcp 1040 ------- 4 0.0 1.0 159 299
+ 1.54052 1 0 ack 40 ------- 4 1.0 0.0 159 338
- 1.54052 1 0 ack 40 ------- 4 1.0 0.0 159 338
- 1.54384 0 1 tcp 1040 ------- 4 0.0 1.0 161 303
r 1.54584 1 0 ack 40 ------- 4 1.0 0.0 159 338
+ 1.54584 0 1 tcp 1040 ------- 4 0.0 1.0 179 339
r 1.54884 0 1 tcp 1040 ------- 4 0.0 1.0 160 301
+ 1.54884 1 0 ack 40 ------- 4 1.0 0.0 160 340
- 1.54884 1 0 ack 40 ------- 4 1.0 0.0 160 340
- 1.55216 0 1 tcp 1040 ------- 4 0.0 1.0 162 305
r 1.55416 1 0 ack 40 ------- 4 1.0 0.0 160 340
+ 1.55416 0 1 tcp 1040 ------- 4 0.0 1.0 180 341
r 1.55716 0 1 tcp 1040 ------- 4 0.0 1.0 161 303
+ 1.55716 1 0 ack 40 ------- 4 1.0 0.0 161 342
- 1.55716 1 0 ack 40 ------- 4 1.0 0.0 161 342
- 1.56048 0 1 tcp 1040 ------- 4 0.0 1.0 163 307
r 1.56248 1 0 ack 40 ------- 4 1.0 0.0 161 342
+ 1.56248 0 1 tcp 1040 ------- 4 0.0 1.0 181 343
r 1.56548 0 1 tcp 1040 ------- 4 0.0 1.0 162 305
+ 1.56548 1 0 ack 40 ------- 4 1.0 0.0 162 344
- 1.56548 1 0 ack 40 ------- 4 1.0 0.0 162 344
- 1.5688 0 1 tcp 1040 ------- 4 0.0 1.0 164 309
r 1.5708 1 0 ack 40 ------- 4 1.0 0.0 162 344
+ 1.5708 0 1 tcp 1040 ------- 4 0.0 1.0 182 345
r 1.5738 0 1 tcp 1040 ------- 4 0.0 1.0 163 307
+ 1.5738 1 0 ack 40 ------- 4 1.0 0.0 163 346
- 1.5738 1 0 ack 40 ------- 4 1.0 0.0 163 346
- 1.57712 0 1 tcp 1040 ------- 4 0.0 1.0 165 311
r 1.57912 1 0 ack 40 ------- 4 1.0 0.0 163 346
+ 1.57912 0 1 tcp 1040 ------- 4 0.0 1.0 183 347
r 1.58212 0 1 tcp 1040 ------- 4 0.0 1.0 164 309
+ 1.58212 1 0 ack 40 ------- 4 1.0 0.0 164 348
- 1.58212 1 0 ack 40 ------- 4 1.0 0.0 164 348
- 1.58544 0 1 tcp 1040 ------- 4 0.0 1.0 166 313
r 1.58744 1 0 ack 40 ------- 4 1.0 0.0 164 348
+ 1.58744 0 1 tcp 1040 ------- 4 0.0 1.0 184 349
r 1.59044 0 1 tcp 1040 ------- 4 0.0 1.0 165 311
+ 1.59044 1 0 ack 40 ------- 4 1.0 0.0 165 350
- 1.59044 1 0 ack 40 ------- 4 1.0 0.0 165 350
- 1.59376 0 1 tcp 1040 ------- 4 0.0 1.0 167 315
r 1.59576 1 0 ack 40 ------- 4 1.0 0.0 165 350
+ 1.59576 0 1 tcp 1040 ------- 4 0.0 1.0 185 351
r 1.59876 0 1 tcp 1040 ------- 4 0.0 1.0 166 313
+ 1.59876 1 0 ack 40 ------- 4 1.0 0.0 166 352
- 1.59876 1 0 ack 40 ------- 4 1.0 0.0 166 352
- 1.60208 0 1 tcp 1040 ------- 4 0.0 1.0 168 317
r 1.60408 1 0 ack 40 ------- 4 1.0 0.0 166 352
+ 1.60408 0 1 tcp 1040 ------- 4 0.0 1.0 186 353
r 1.60708 0 1 tcp 1040 ------- 4 0.0 1.0 167 315
+ 1.60708 1 0 ack 40 ------- 4 1.0 0.0 167 354
- 1.60708 1 0 ack 40 ------- 4 1.0 0.0 167 354
- 1.6104 0 1 tcp 1040 ------- 4 0.0 1.0 169 319
r 1.6124 1 0 ack 40 ------- 4 1.0 0.0 167 354
+ 1.6124 0 1 tcp 1040 ------- 4 0.0 1.0 187 355
r 1.6154 0 1 tcp 1040 ------- 4 0.0 1.0 168 317
+ 1.6154 1 0 ack 40 ------- 4 1.0 0.0 168 356
- 1.6154 1 0 ack 40 ------- 4 1.0 0.0 168 356
- 1.61872 0 1 tcp 1040 ------- 4 0.0 1.0 170 321
r 1.62072 1 0 ack 40 ------- 4 1.0 0.0 168 356
+ 1.62072 0 1 tcp 1040 ------- 4 0.0 1.0 188 357
r 1.62372 0 1 tcp 1040 ------- 4 0.0 1.0 169 319
+ 1.62372 1 0 ack 40 ------- 4 1.0 0.0 169 358
- 1.62372 1 0 ack 40 ------- 4 1.0 0.0 169 358
- 1.62704 0 1 tcp 1040 ------- 4 0.0 1.0 171 323
r 1.62904 1 0 ack 40 ------- 4 1.0 0.0 169 358
+ 1.62904 0 1 tcp 1040 ------- 4 0.0 1.0 189 359
r 1.63204 0 1 tcp 1040 ------- 4 0.0 1.0 170 321
+ 1.63204 1 0 ack 40 ------- 4 1.0 0.0 170 360
- 1.63204 1 0 ack 40 ------- 4 1.0 0.0 170 360
- 1.63536 0 1 tcp 1040 ------- 4 0.0 1.0 172 325
r 1.63736 1 0 ack 40 ------- 4 1.0 0.0 170 360
+ 1.63736 0 1 tcp 1040 ------- 4 0.0 1.0 190 361
r 1.64036 0 1 tcp 1040 ------- 4 0.0 1.0 171 323
+ 1.64036 1 0 ack 40 ------- 4 1.0 0.0 171 362
- 1.64036 1 0 ack 40 ------- 4 1.0 0.0 171 362
- 1.64368 0 1 tcp 1040 ------- 4 0.0 1.0 173 327
r 1.64568 1 0 ack 40 ------- 4 1.0 0.0 171 362
+ 1.64568 0 1 tcp 1040 ------- 4 0.0 1.0 191 363
r 1.64868 0 1 tcp 1040 ------- 4 0.0 1.0 172 325
+ 1.64868 1 0 ack 40 ------- 4 1.0 0.0 172 364
- 1.64868 1 0 ack 40 ------- 4 1.0 0.0 172 364
- 1.652 0 1 tcp 1040 ------- 4 0.0 1.0 174 329
r 1.654 1 0 ack 40 ------- 4 1.0 0.0 172 364
+ 1.654 0 1 tcp 1040 ------- 4 0.0 1.0 192 365
r 1.657 0 1 tcp 1040 ------- 4 0.0 1.0 173 327
+ 1.657 1 0 ack 40 ------- 4 1.0 0.0 173 366
- 1.657 1 0 ack 40 ------- 4 1.0 0.0 173 366
- 1.66032 0 1 tcp 1040 ------- 4 0.0 1.0 175 331
r 1.66232 1 0 ack 40 ------- 4 1.0 0.0 173 366
+ 1.66232 0 1 tcp 1040 ------- 4 0.0 1.0 193 367
r 1.66532 0 1 tcp 1040 ------- 4 0.0 1.0 174 329
+ 1.66532 1 0 ack 40 ------- 4 1.0 0.0 174 368
- 1.66532 1 0 ack 40 ------- 4 1.0 0.0 174 368
- 1.66864 0 1 tcp 1040 ------- 4 0.0 1.0 176 333
r 1.67064 1 0 ack 40 ------- 4 1.0 0.0 174 368
+ 1.67064 0 1 tcp 1040 ------- 4 0.0 1.0 194 369
r 1.67364 0 1 tcp 1040 ------- 4 0.0 1.0 175 331
+ 1.67364 1 0 ack 40 ------- 4 1.0 0.0 175 370
- 1.67364 1 0 ack 40 ------- 4 1.0 0.0 175 370
- 1.67696 0 1 tcp 1040 ------- 4 0.0 1.0 177 335
r 1.67896 1 0 ack 40 ------- 4 1.0 0.0 175 370
+ 1.67896 0 1 tcp 1040 ------- 4 0.0 1.0 195 371
r 1.68196 0 1 tcp 1040 ------- 4 0.0 1.0 176 333
+ 1.68196 1 0 ack 40 ------- 4 1.0 0.0 176 372
- 1.68196 1 0 ack 40 ------- 4 1.0 0.0 176 372
- 1.68528 0 1 tcp 1040 ------- 4 0.0 1.0 178 337
r 1.68728 1 0 ack 40 ------- 4 1.0 0.0 176 372
+ 1.68728 0 1 tcp 1040 ------- 4 0.0 1.0 196 373
r 1.69028 0 1 tcp 1040 ------- 4 0.0 1.0 177 335
+ 1.69028 1 0 ack 40 ------- 4 1.0 0.0 177 374
- 1.69028 1 0 ack 40 ------- 4 1.0 0.0 177 374
- 1.6936 0 1 tcp 1040 ------- 4 0.0 1.0 179 339
r 1.6956 1 0 ack 40 ------- 4 1.0 0.0 177 374
+ 1.6956 0 1 tcp 1040 ------- 4 0.0 1.0 197 375
r 1.6986 0 1 tcp 1040 ------- 4 0.0 1.0 178 337
+ 1.6986 1 0 ack 40 ------- 4 1.0 0.0 178 376
- 1.6986 1 0 ack 40 ------- 4 1.0 0.0 178 376
- 1.70192 0 1 tcp 1040 ------- 4 0.0 1.0 180 341
r 1.70392 1 0 ack 40 ------- 4 1.0 0.0 178 376
+ 1.70392 0 1 tcp 1040 ------- 4 0.0 1.0 198 377
r 1.70692 0 1 tcp 1040 ------- 4 0.0 1.0 179 339
+ 1.70692 1 0 ack 40 ------- 4 1.0 0.0 179 378
- 1.70692 1 0 ack 40 ------- 4 1.0 0.0 179 378
- 1.71024 0 1 tcp 1040 ------- 4 0.0 1.0 181 343
r 1.71224 1 0 ack 40 ------- 4 1.0 0.0 179 378
+ 1.71224 0 1 tcp 1040 ------- 4 0.0 1.0 199 379
r 1.71524 0 1 tcp 1040 ------- 4 0.0 1.0 180 341
+ 1.71524 1 0 ack 40 ------- 4 1.0 0.0 180 380
- 1.71524 1 0 ack 40 ------- 4 1.0 0.0 180 380
- 1.71856 0 1 tcp 1040 ------- 4 0.0 1.0 182 345
r 1.72056 1 0 ack 40 ------- 4 1.0 0.0 180 380
+ 1.72056 0 1 tcp 1040 ------- 4 0.0 1.0 200 381
r 1.72356 0 1 tcp 1040 ------- 4 0.0 1.0 181 343
+ 1.72356 1 0 ack 40 ------- 4 1.0 0.0 181 382
- 1.72356 1 0 ack 40 ------- 4 1.0 0.0 181 382
- 1.72688 0 1 tcp 1040 ------- 4 0.0 1.0 183 347
r 1.72888 1 0 ack 40 ------- 4 1.0 0.0 181 382
+ 1.72888 0 1 tcp 1040 ------- 4 0.0 1.0 201 383
r 1.73188 0 1 tcp 1040 ------- 4 0.0 1.0 182 345
+ 1.73188 1 0 ack 40 ------- 4 1.0 0.0 182 384
- 1.73188 1 0 ack 40 ------- 4 1.0 0.0 182 384
- 1.7352 0 1 tcp 1040 ------- 4 0.0 1.0 184 349
r 1.7372 1 0 ack 40 ------- 4 1.0 0.0 182 384
+ 1.7372 0 1 tcp 1040 ------- 4 0.0 1.0 202 385
r 1.7402 0 1 tcp 1040 ------- 4 0.0 1.0 183 347
+ 1.7402 1 0 ack 40 ------- 4 1.0 0.0 183 386
- 1.7402 1 0 ack 40 ------- 4 1.0 0.0 183 386
- 1.74352 0 1 tcp 1040 ------- 4 0.0 1.0 185 351
r 1.74552 1 0 ack 40 ------- 4 1.0 0.0 183 386
+ 1.74552 0 1 tcp 1040 ------- 4 0.0 1.0 203 387
r 1.74852 0 1 tcp 1040 ------- 4 0.0 1.0 184 349
+ 1.74852 1 0 ack 40 ------- 4 1.0 0.0 184 388
- 1.74852 1 0 ack 40 ------- 4 1.0 0.0 184 388
- 1.75184 0 1 tcp 1040 ------- 4 0.0 1.0 186 353
r 1.75384 1 0 ack 40 ------- 4 1.0 0.0 184 388
+ 1.75384 0 1 tcp 1040 ------- 4 0.0 1.0 204 389
r 1.75684 0 1 tcp 1040 ------- 4 0.0 1.0 185 351
+ 1.75684 1 0 ack 40 ------- 4 1.0 0.0 185 390
- 1.75684 1 0 ack 40 ------- 4 1.0 0.0 185 390
- 1.76016 0 1 tcp 1040 ------- 4 0.0 1.0 187 355
r 1.76216 1 0 ack 40 ------- 4 1.0 0.0 185 390
+ 1.76216 0 1 tcp 1040 ------- 4 0.0 1.0 205 391
r 1.76516 0 1 tcp 1040 ------- 4 0.0 1.0 186 353
+ 1.76516 1 0 ack 40 ------- 4 1.0 0.0 186 392
- 1.76516 1 0 ack 40 ------- 4 1.0 0.0 186 392
- 1.76848 0 1 tcp 1040 ------- 4 0.0 1.0 188 357
r 1.77048 1 0 ack 40 ------- 4 1.0 0.0 186 392
+ 1.77048 0 1 tcp 1040 ------- 4 0.0 1.0 206 393
r 1.77348 0 1 tcp 1040 ------- 4 0.0 1.0 187 355
+ 1.77348 1 0 ack 40 ------- 4 1.0 0.0 187 394
- 1.77348 1 0 ack 40 ------- 4 1.0 0.0 187 394
- 1.7768 0 1 tcp 1040 ------- 4 0.0 1.0 189 359
r 1.7788 1 0 ack 40 ------- 4 1.0 0.0 187 394
+ 1.7788 0 1 tcp 1040 ------- 4 0.0 1.0 207 395
r 1.7818 0 1 tcp 1040 ------- 4 0.0 1.0 188 357
+ 1.7818 1 0 ack 40 ------- 4 1.0 0.0 188 396
- 1.7818 1 0 ack 40 ------- 4 1.0 0.0 188 396
- 1.78512 0 1 tcp 1040 ------- 4 0.0 1.0 190 361
r 1.78712 1 0 ack 40 ------- 4 1.0 0.0 188 396
+ 1.78712 0 1 tcp 1040 ------- 4 0.0 1.0 208 397
r 1.79012 0 1 tcp 1040 ------- 4 0.0 1.0 189 359
+ 1.79012 1 0 ack 40 ------- 4 1.0 0.0 189 398
- 1.79012 1 0 ack 40 ------- 4 1.0 0.0 189 398
- 1.79344 0 1 tcp 1040 ------- 4 0.0 1.0 191 363
r 1.79544 1 0 ack 40 ------- 4 1.0 0.0 189 398
+ 1.79544 0 1 tcp 1040 ------- 4 0.0 1.0 209 399
r 1.79844 0 1 tcp 1040 ------- 4 0.0 1.0 190 361
+ 1.79844 1 0 ack 40 ------- 4 1.0 0.0 190 400
- 1.79844 1 0 ack 40 ------- 4 1.0 0.0 190 400
- 1.80176 0 1 tcp 1040 ------- 4 0.0 1.0 192 365
r 1.80376 1 0 ack 40 ------- 4 1.0 0.0 190 400
+ 1.80376 0 1 tcp 1040 ------- 4 0.0 1.0 210 401
r 1.80676 0 1 tcp 1040 ------- 4 0.0 1.0 191 363
+ 1.80676 1 0 ack 40 ------- 4 1.0 0.0 191 402
- 1.80676 1 0 ack 40 ------- 4 1.0 0.0 191 402
- 1.81008 0 1 tcp 1040 ------- 4 0.0 1.0 193 367
r 1.81208 1 0 ack 40 ------- 4 1.0 0.0 191 402
+ 1.81208 0 1 tcp 1040 ------- 4 0.0 1.0 211 403
r 1.81508 0 1 tcp 1040 ------- 4 0.0 1.0 192 365
+ 1.81508 1 0 ack 40 ------- 4 1.0 0.0 192 404
- 1.81508 1 0 ack 40 ------- 4 1.0 0.0 192 404
- 1.8184 0 1 tcp 1040 ------- 4 0.0 1.0 194 369
r 1.8204 1 0 ack 40 ------- 4 1.0 0.0 192 404
+ 1.8204 0 1 tcp 1040 ------- 4 0.0 1.0 212 405
r 1.8234 0 1 tcp 1040 ------- 4 0.0 1.0 193 367
+ 1.8234 1 0 ack 40 ------- 4 1.0 0.0 193 406
- 1.8234 1 0 ack 40 ------- 4 1.0 0.0 193 406
- 1.82672 0 1 tcp 1040 ------- 4 0.0 1.0 195 371
r 1.82872 1 0 ack 40 ------- 4 1.0 0.0 193 406
+ 1.82872 0 1 tcp 1040 ------- 4 0.0 1.0 213 407
r 1.83172 0 1 tcp 1040 ------- 4 0.0 1.0 194 369
+ 1.83172 1 0 ack 40 ------- 4 1.0 0.0 194 408
- 1.83172 1 0 ack 40 ------- 4 1.0 0.0 194 408
- 1.83504 0 1 tcp 1040 ------- 4 0.0 1.0 196 373
r 1.83704 1 0 ack 40 ------- 4 1.0 0.0 194 408
+ 1.83704 0 1 tcp 1040 ------- 4 0.0 1.0 214 409
r 1.84004 0 1 tcp 1040 ------- 4 0.0 1.0 195 371
+ 1.84004 1 0 ack 40 ------- 4 1.0 0.0 195 410
- 1.84004 1 0 ack 40 ------- 4 1.0 0.0 195 410
- 1.84336 0 1 tcp 1040 ------- 4 0.0 1.0 197 375
r 1.84536 1 0 ack 40 ------- 4 1.0 0.0 195 410
+ 1.84536 0 1 tcp 1040 ------- 4 0.0 1.0 215 411
r 1.84836 0 1 tcp 1040 ------- 4 0.0 1.0 196 373
+ 1.84836 1 0 ack 40 ------- 4 1.0 0.0 196 412
- 1.84836 1 0 ack 40 ------- 4 1.0 0.0 196 412
- 1.85168 0 1 tcp 1040 ------- 4 0.0 1.0 198 377
r 1.85368 1 0 ack 40 ------- 4 1.0 0.0 196 412
+ 1.85368 0 1 tcp 1040 ------- 4 0.0 1.0 216 413
r 1.85668 0 1 tcp 1040 ------- 4 0.0 1.0 197 375
+ 1.85668 1 0 ack 40 ------- 4 1.0 0.0 197 414
- 1.85668 1 0 ack 40 ------- 4 1.0 0.0 197 414
- 1.86 0 1 tcp 1040 ------- 4 0.0 1.0 199 379
r 1.862 1 0 ack 40 ------- 4 1.0 0.0 197 414
+ 1.862 0 1 tcp 1040 ------- 4 0.0 1.0 217 415
r 1.865 0 1 tcp 1040 ------- 4 0.0 1.0 198 377
+ 1.865 1 0 ack 40 ------- 4 1.0 0.0 198 416
- 1.865 1 0 ack 40 ------- 4 1.0 0.0 198 416
- 1.86832 0 1 tcp 1040 ------- 4 0.0 1.0 200 381
r 1.87032 1 0 ack 40 ------- 4 1.0 0.0 198 416
+ 1.87032 0 1 tcp 1040 ------- 4 0.0 1.0 218 417
r 1.87332 0 1 tcp 1040 ------- 4 0.0 1.0 199 379
+ 1.87332 1 0 ack 40 ------- 4 1.0 0.0 199 418
- 1.87332 1 0 ack 40 ------- 4 1.0 0.0 199 418
- 1.87664 0 1 tcp 1040 ------- 4 0.0 1.0 201 383
r 1.87864 1 0 ack 40 ------- 4 1.0 0.0 199 418
+ 1.87864 0 1 tcp 1040 ------- 4 0.0 1.0 219 419
r 1.88164 0 1 tcp 1040 ------- 4 0.0 1.0 200 381
+ 1.88164 1 0 ack 40 ------- 4 1.0 0.0 200 420
- 1.88164 1 0 ack 40 ------- 4 1.0 0.0 200 420
- 1.88496 0 1 tcp 1040 ------- 4 0.0 1.0 202 385
r 1.88696 1 0 ack 40 ------- 4 1.0 0.0 200 420
+ 1.88696 0 1 tcp 1040 ------- 4 0.0 1.0 220 421
r 1.88996 0 1 tcp 1040 ------- 4 0.0 1.0 201 383
+ 1.88996 1 0 ack 40 ------- 4 1.0 0.0 201 422
- 1.88996 1 0 ack 40 ------- 4 1.0 0.0 201 422
- 1.89328 0 1 tcp 1040 ------- 4 0.0 1.0 203 387
r 1.89528 1 0 ack 40 ------- 4 1.0 0.0 201 422
+ 1.89528 0 1 tcp 1040 ------- 4 0.0 1.0 221 423
r 1.89828 0 1 tcp 1040 ------- 4 0.0 1.0 202 385
+ 1.89828 1 0 ack 40 ------- 4 1.0 0.0 202 424
- 1.89828 1 0 ack 40 ------- 4 1.0 0.0 202 424
- 1.9016 0 1 tcp 1040 ------- 4 0.0 1.0 204 389
r 1.9036 1 0 ack 40 ------- 4 1.0 0.0 202 424
+ 1.9036 0 1 tcp 1040 ------- 4 0.0 1.0 222 425
r 1.9066 0 1 tcp 1040 ------- 4 0.0 1.0 203 387
+ 1.9066 1 0 ack 40 ------- 4 1.0 0.0 203 426
- 1.9066 1 0 ack 40 ------- 4 1.0 0.0 203 426
- 1.90992 0 1 tcp 1040 ------- 4 0.0 1.0 205 391
r 1.91192 1 0 ack 40 ------- 4 1.0 0.0 203 426
+ 1.91192 0 1 tcp 1040 ------- 4 0.0 1.0 223 427
r 1.91492 0 1 tcp 1040 ------- 4 0.0 1.0 204 389
+ 1.91492 1 0 ack 40 ------- 4 1.0 0.0 204 428
- 1.91492 1 0 ack 40 ------- 4 1.0 0.0 204 428
- 1.91824 0 1 tcp 1040 ------- 4 0.0 1.0 206 393
r 1.92024 1 0 ack 40 ------- 4 1.0 0.0 204 428
+ 1.92024 0 1 tcp 1040 ------- 4 0.0 1.0 224 429
r 1.92324 0 1 tcp 1040 ------- 4 0.0 1.0 205 391
+ 1.92324 1 0 ack 40 ------- 4 1.0 0.0 205 430
- 1.92324 1 0 ack 40 ------- 4 1.0 0.0 205 430
- 1.92656 0 1 tcp 1040 ------- 4 0.0 1.0 207 395
r 1.92856 1 0 ack 40 ------- 4 1.0 0.0 205 430
+ 1.92856 0 1 tcp 1040 ------- 4 0.0 1.0 225 431
r 1.93156 0 1 tcp 1040 ------- 4 0.0 1.0 206 393
+ 1.93156 1 0 ack 40 ------- 4 1.0 0.0 206 432
- 1.93156 1 0 ack 40 ------- 4 1.0 0.0 206 432
- 1.93488 0 1 tcp 1040 ------- 4 0.0 1.0 208 397
r 1.93688 1 0 ack 40 ------- 4 1.0 0.0 206 432
+ 1.93688 0 1 tcp 1040 ------- 4 0.0 1.0 226 433
r 1.93988 0 1 tcp 1040 ------- 4 0.0 1.0 207 395
+ 1.93988 1 0 ack 40 ------- 4 1.0 0.0 207 434
- 1.93988 1 0 ack 40 ------- 4 1.0 0.0 207 434
- 1.9432 0 1 tcp 1040 ------- 4 0.0 1.0 209 399
r 1.9452 1 0 ack 40 ------- 4 1.0 0.0 207 434
+ 1.9452 0 1 tcp 1040 ------- 4 0.0 1.0 227 435
r 1.9482 0 1 tcp 1040 ------- 4 0.0 1.0 208 397
+ 1.9482 1 0 ack 40 ------- 4 1.0 0.0 208 436
- 1.9482 1 0 ack 40 ------- 4 1.0 0.0 208 436
- 1.95152 0 1 tcp 1040 ------- 4 0.0 1.0 210 401
r 1.95352 1 0 ack 40 ------- 4 1.0 0.0 208 436
+ 1.95352 0 1 tcp 1040 ------- 4 0.0 1.0 228 437
r 1.95652 0 1 tcp 1040 ------- 4 0.0 1.0 209 399
+ 1.95652 1 0 ack 40 ------- 4 1.0 0.0 209 438
- 1.95652 1 0 ack 40 ------- 4 1.0 0.0 209 438
- 1.95984 0 1 tcp 1040 ------- 4 0.0 1.0 211 403
r 1.96184 1 0 ack 40 ------- 4 1.0 0.0 209 438
+ 1.96184 0 1 tcp 1040 ------- 4 0.0 1.0 229 439
r 1.96484 0 1 tcp 1040 ------- 4 0.0 1.0 210 401
+ 1.96484 1 0 ack 40 ------- 4 1.0 0.0 210 440
- 1.96484 1 0 ack 40 ------- 4 1.0 0.0 210 440
- 1.96816 0 1 tcp 1040 ------- 4 0.0 1.0 212 405
r 1.97016 1 0 ack 40 ------- 4 1.0 0.0 210 440
+ 1.97016 0 1 tcp 1040 ------- 4 0.0 1.0 230 441
r 1.97316 0 1 tcp 1040 ------- 4 0.0 1.0 211 403
+ 1.97316 1 0 ack 40 ------- 4 1.0 0.0 211 442
- 1.97316 1 0 ack 40 ------- 4 1.0 0.0 211 442
- 1.97648 0 1 tcp 1040 ------- 4 0.0 1.0 213 407
r 1.97848 1 0 ack 40 ------- 4 1.0 0.0 211 442
+ 1.97848 0 1 tcp 1040 ------- 4 0.0 1.0 231 443
r 1.98148 0 1 tcp 1040 ------- 4 0.0 1.0 212 405
+ 1.98148 1 0 ack 40 ------- 4 1.0 0.0 212 444
- 1.98148 1 0 ack 40 ------- 4 1.0 0.0 212 444
- 1.9848 0 1 tcp 1040 ------- 4 0.0 1.0 214 409
r 1.9868 1 0 ack 40 ------- 4 1.0 0.0 212 444
+ 1.9868 0 1 tcp 1040 ------- 4 0.0 1.0 232 445
r 1.9898 0 1 tcp 1040 ------- 4 0.0 1.0 213 407
+ 1.9898 1 0 ack 40 ------- 4 1.0 0.0 213 446
- 1.9898 1 0 ack 40 ------- 4 1.0 0.0 213 446
- 1.99312 0 1 tcp 1040 ------- 4 0.0 1.0 215 411
r 1.99512 1 0 ack 40 ------- 4 1.0 0.0 213 446
+ 1.99512 0 1 tcp 1040 ------- 4 0.0 1.0 233 447
r 1.99812 0 1 tcp 1040 ------- 4 0.0 1.0 214 409
+ 1.99812 1 0 ack 40 ------- 4 1.0 0.0 214 448
- 1.99812 1 0 ack 40 ------- 4 1.0 0.0 214 448
- 2.00144 0 1 tcp 1040 ------- 4 0.0 1.0 216 413
r 2.00344 1 0 ack 40 ------- 4 1.0 0.0 214 448
r 2.00644 0 1 tcp 1040 ------- 4 0.0 1.0 215 411
+ 2.00644 1 0 ack 40 ------- 4 1.0 0.0 215 449
- 2.00644 1 0 ack 40 ------- 4 1.0 0.0 215 449
- 2.00976 0 1 tcp 1040 ------- 4 0.0 1.0 217 415
r 2.01176 1 0 ack 40 ------- 4 1.0 0.0 215 449
r 2.01476 0 1 tcp 1040 ------- 4 0.0 1.0 216 413
+ 2.01476 1 0 ack 40 ------- 4 1.0 0.0 216 450
- 2.01476 1 0 ack 40 ------- 4 1.0 0.0 216 450
- 2.01808 0 1 tcp 1040 ------- 4 0.0 1.0 218 417
r 2.02008 1 0 ack 40 ------- 4 1.0 0.0 216 450
r 2.02308 0 1 tcp 1040 ------- 4 0.0 1.0 217 415
+ 2.02308 1 0 ack 40 ------- 4 1.0 0.0 217 451
- 2.02308 1 0 ack 40 ------- 4 1.0 0.0 217 451
- 2.0264 0 1 tcp 1040 ------- 4 0.0 1.0 219 419
r 2.0284 1 0 ack 40 ------- 4 1.0 0.0 217 451
r 2.0314 0 1 tcp 1040 ------- 4 0.0 1.0 218 417
+ 2.0314 1 0 ack 40 ------- 4 1.0 0.0 218 452
- 2.0314 1 0 ack 40 ------- 4 1.0 0.0 218 452
- 2.03472 0 1 tcp 1040 ------- 4 0.0 1.0 220 421
r 2.03672 1 0 ack 40 ------- 4 1.0 0.0 218 452
r 2.03972 0 1 tcp 1040 ------- 4 0.0 1.0 219 419
+ 2.03972 1 0 ack 40 ------- 4 1.0 0.0 219 453
- 2.03972 1 0 ack 40 ------- 4 1.0 0.0 219 453
- 2.04304 0 1 tcp 1040 ------- 4 0.0 1.0 221 423
r 2.04504 1 0 ack 40 ------- 4 1.0 0.0 219 453
r 2.04804 0 1 tcp 1040 ------- 4 0.0 1.0 220 421
+ 2.04804 1 0 ack 40 ------- 4 1.0 0.0 220 454
- 2.04804 1 0 ack 40 ------- 4 1.0 0.0 220 454
- 2.05136 0 1 tcp 1040 ------- 4 0.0 1.0 222 425
r 2.05336 1 0 ack 40 ------- 4 1.0 0.0 220 454
r 2.05636 0 1 tcp 1040 ------- 4 0.0 1.0 221 423
+ 2.05636 1 0 ack 40 ------- 4 1.0 0.0 221 455
- 2.05636 1 0 ack 40 ------- 4 1.0 0.0 221 455
- 2.05968 0 1 tcp 1040 ------- 4 0.0 1.0 223 427
r 2.06168 1 0 ack 40 ------- 4 1.0 0.0 221 455
r 2.06468 0 1 tcp 1040 ------- 4 0.0 1.0 222 425
+ 2.06468 1 0 ack 40 ------- 4 1.0 0.0 222 456
- 2.06468 1 0 ack 40 ------- 4 1.0 0.0 222 456
- 2.068 0 1 tcp 1040 ------- 4 0.0 1.0 224 429
r 2.07 1 0 ack 40 ------- 4 1.0 0.0 222 456
r 2.073 0 1 tcp 1040 ------- 4 0.0 1.0 223 427
+ 2.073 1 0 ack 40 ------- 4 1.0 0.0 223 457
- 2.073 1 0 ack 40 ------- 4 1.0 0.0 223 457
- 2.07632 0 1 tcp 1040 ------- 4 0.0 1.0 225 431
r 2.07832 1 0 ack 40 ------- 4 1.0 0.0 223 457
r 2.08132 0 1 tcp 1040 ------- 4 0.0 1.0 224 429
+ 2.08132 1 0 ack 40 ------- 4 1.0 0.0 224 458
- 2.08132 1 0 ack 40 ------- 4 1.0 0.0 224 458
- 2.08464 0 1 tcp 1040 ------- 4 0.0 1.0 226 433
r 2.08664 1 0 ack 40 ------- 4 1.0 0.0 224 458
r 2.08964 0 1 tcp 1040 ------- 4 0.0 1.0 225 431
+ 2.08964 1 0 ack 40 ------- 4 1.0 0.0 225 459
- 2.08964 1 0 ack 40 ------- 4 1.0 0.0 225 459
- 2.09296 0 1 tcp 1040 ------- 4 0.0 1.0 227 435
r 2.09496 1 0 ack 40 ------- 4 1.0 0.0 225 459
r 2.09796 0 1 tcp 1040 ------- 4 0.0 1.0 226 433
+ 2.09796 1 0 ack 40 ------- 4 1.0 0.0 226 460
- 2.09796 1 0 ack 40 ------- 4 1.0 0.0 226 460
- 2.10128 0 1 tcp 1040 ------- 4 0.0 1.0 228 437
r 2.10328 1 0 ack 40 ------- 4 1.0 0.0 226 460
r 2.10628 0 1 tcp 1040 ------- 4 0.0 1.0 227 435
+ 2.10628 1 0 ack 40 ------- 4 1.0 0.0 227 461
- 2.10628 1 0 ack 40 ------- 4 1.0 0.0 227 461
- 2.1096 0 1 tcp 1040 ------- 4 0.0 1.0 229 439
r 2.1116 1 0 ack 40 ------- 4 1.0 0.0 227 461
r 2.1146 0 1 tcp 1040 ------- 4 0.0 1.0 228 437
+ 2.1146 1 0 ack 40 ------- 4 1.0 0.0 228 462
- 2.1146 1 0 ack 40 ------- 4 1.0 0.0 228 462
- 2.11792 0 1 tcp 1040 ------- 4 0.0 1.0 230 441
r 2.11992 1 0 ack 40 ------- 4 1.0 0.0 228 462
r 2.12292 0 1 tcp 1040 ------- 4 0.0 1.0 229 439
+ 2.12292 1 0 ack 40 ------- 4 1.0 0.0 229 463
- 2.12292 1 0 ack 40 ------- 4 1.0 0.0 229 463
- 2.12624 0 1 tcp 1040 ------- 4 0.0 1.0 231 443
r 2.12824 1 0 ack 40 ------- 4 1.0 0.0 229 463
r 2.13124 0 1 tcp 1040 ------- 4 0.0 1.0 230 441
+ 2.13124 1 0 ack 40 ------- 4 1.0 0.0 230 464
- 2.13124 1 0 ack 40 ------- 4 1.0 0.0 230 464
- 2.13456 0 1 tcp 1040 ------- 4 0.0 1.0 232 445
r 2.13656 1 0 ack 40 ------- 4 1.0 0.0 230 464
r 2.13956 0 1 tcp 1040 ------- 4 0.0 1.0 231 443
+ 2.13956 1 0 ack 40 ------- 4 1.0 0.0 231 465
- 2.13956 1 0 ack 40 ------- 4 1.0 0.0 231 465
- 2.14288 0 1 tcp 1040 ------- 4 0.0 1.0 233 447
r 2.14488 1 0 ack 40 ------- 4 1.0 0.0 231 465
r 2.14788 0 1 tcp 1040 ------- 4 0.0 1.0 232 445
+ 2.14788 1 0 ack 40 ------- 4 1.0 0.0 232 466
- 2.14788 1 0 ack 40 ------- 4 1.0 0.0 232 466
r 2.1532 1 0 ack 40 ------- 4 1.0 0.0 232 466
r 2.1562 0 1 tcp 1040 ------- 4 0.0 1.0 233 447
+ 2.1562 1 0 ack 40 ------- 4 1.0 0.0 233 467
- 2.1562 1 0 ack 40 ------- 4 1.0 0.0 233 467
r 2.16152 1 0 ack 40 ------- 4 1.0 0.0 233 467
